S98997
1 98997U S98997   20043.00000000 0.00000000      0 0      0 0 0    15
2 98997  22.3874   0.7804 4576701 135.1872  45.0413  1.82312485    18
S98986
1 98986U S98986   20043.00000000 0.00000000      0 0      0 0 0    11
2 98986  22.3225   0.0237 4822806 140.1552 290.1302  1.84882163    17
S98976
1 98976U S98976   20043.00000000 0.00000000      0 0      0 0 0    19
2 98976  22.2624 353.7750 4969726 158.2588  59.9843  1.96026970    18
S98964
1 98964U S98964   20043.00000000 0.00000000      0 0      0 0 0    13
2 98964  22.2970   1.4457 4834063 137.6361 200.8486  1.81868763    13
S98959
1 98959U S98959   20043.00000000 0.00000000      0 0      0 0 0    11
2 98959  22.3673   4.3415 4617043 125.9442 332.3557  1.73595777    14
S98957
1 98957U S98957   20043.00000000 0.00000000      0 0      0 0 0    17
2 98957  22.2339 351.2202 5095323 159.6042  32.5912  1.93784870    10
S98953
1 98953U S98953   20043.00000000 0.00000000      0 0      0 0 0    19
2 98953  22.4087   4.5516 4247041 125.7694 313.6047  1.83324673    18
S98949
1 98949U S98949   20043.00000000 0.00000000      0 0      0 0 0    19
2 98949  22.2500 351.0685 4984360 159.9360 148.4417  1.95198220    14
S98940
1 98940U S98940   20043.00000000 0.00000000      0 0      0 0 0    11
2 98940  22.3264   1.7940 4720991 136.8294 131.2086  1.84006304    15
S98871
1 98871U S98871   20043.00000000 0.00000000      0 0      0 0 0    17
2 98871  23.2713 344.4006 4115878 139.7781 297.0693  1.81603651    12
S98828
1 98828U S98828   20043.00000000 0.00000000      0 0      0 0 0    11
2 98828  22.4531 359.8392 4780915 132.5813 141.9259  1.76854675    11
S98813
1 98813U S98813   20043.00000000 0.00000000      0 0      0 0 0    19
2 98813  22.2706   3.4729 4563632 135.6166 337.9892  1.88629664    14
S98789
1 98789U S98789   20043.00000000 0.00000000      0 0      0 0 0    13
2 98789  23.3041 343.0762 3360801 146.9930 142.8512  1.84596484    17
S98776
1 98776U S98776   20043.00000000 0.00000000      0 0      0 0 0    15
2 98776  22.1823 356.1654 2113352  75.4457 104.8060  1.79407162    13
S98753
1 98753U S98753   20043.00000000 0.00000000      0 0      0 0 0    15
2 98753  22.6754 338.7738 5062316 170.2999 353.6877  1.94007124    17
S98750
1 98750U S98750   20016.00000000 0.00000000      0 0      0 0 0    19
2 98750  22.4543 353.7157 4636911 148.4251 290.8929  1.91405424    17
S98742
1 98742U S98742   20016.00000000 0.00000000      0 0      0 0 0    11
2 98742  22.7679 355.7953 4548156 134.6331  89.7915  1.81896396    17
S98729
1 98729U S98729   20016.00000000 0.00000000      0 0      0 0 0    11
2 98729  22.3610 359.4298 4715079 146.3684 107.5874  1.92887849    15
S98724
1 98724U S98724   20016.00000000 0.00000000      0 0      0 0 0    11
2 98724  22.4032   9.5144 4608352 124.3960 104.3212  1.81193236    19
S98713
1 98713U S98713   20016.00000000 0.00000000      0 0      0 0 0    17
2 98713  22.5608   2.5550 4556914 125.1916 256.1643  1.75492574    11
S98712
1 98712U S98712   20016.00000000 0.00000000      0 0      0 0 0    15
2 98712  22.3874   4.2299 4647671 129.2850 258.1978  1.81026943    18
S98703
1 98703U S98703   20016.00000000 0.00000000      0 0      0 0 0    15
2 98703  22.2137   5.1731 2901371 122.9017  90.7098  1.84690502    17
S98697
1 98697U S98697   20016.00000000 0.00000000      0 0      0 0 0    19
2 98697  22.4494   5.6189 4483591 124.9198 107.7551  1.80919286    14
S98661
1 98661U S98661   20016.00000000 0.00000000      0 0      0 0 0    11
2 98661  22.2576 359.7837 4245650 146.2202 257.7756  1.90806361    15
S98623
1 98623U S98623   20016.00000000 0.00000000      0 0      0 0 0    17
2 98623  22.3946 355.4888 4905355 144.1686 172.5626  1.86399642    16
S98592
1 98592U S98592   20016.00000000 0.00000000      0 0      0 0 0    17
2 98592  22.4364  12.2013 4197112 110.7693 100.1894  1.71620243    17
S98590
1 98590U S98590   20016.00000000 0.00000000      0 0      0 0 0    13
2 98590  22.2553   1.4541 4684654 141.9889 304.3769  1.88780753    14
S98579
1 98579U S98579   20016.00000000 0.00000000      0 0      0 0 0    17
2 98579  22.2763   4.7246 4250741 126.4472 106.6473  1.82562744    11
S98557
1 98557U S98557   20016.00000000 0.00000000      0 0      0 0 0    19
2 98557  22.3190   5.6149 4569209 128.3680  74.5545  1.81811600    18
S98549
1 98549U S98549   20016.00000000 0.00000000      0 0      0 0 0    11
2 98549  22.3617   0.0933 4409007 147.3463 308.1921  1.93417965    15
S98476
1 98476U S98476   20016.00000000 0.00000000      0 0      0 0 0    19
2 98476  22.4135 357.2839 4518823 140.5911 108.4179  1.86219156    12
S98449
1 98449U S98449   20016.00000000 0.00000000      0 0      0 0 0    19
2 98449  22.3945  10.3311 4332096 117.8242 257.9095  1.76309156    18
S98444
1 98444U S98444   20016.00000000 0.00000000      0 0      0 0 0    19
2 98444  22.3570  12.1458 4434333 115.0224 239.6106  1.74740420    17
S98440
1 98440U S98440   20016.00000000 0.00000000      0 0      0 0 0    11
2 98440  22.2800 355.1283 5044173 150.7128  22.0830  1.91270968    15
S98408
1 98408U S98408   20016.00000000 0.00000000      0 0      0 0 0    19
2 98408  22.2057 359.9695 4853272 146.8109  80.4381  1.90482651    16
S98404
1 98404U S98404   20016.00000000 0.00000000      0 0      0 0 0    11
2 98404  22.3288 359.9826 4814920 143.3757 194.7692  1.90208002    13
S98389
1 98389U S98389   20016.00000000 0.00000000      0 0      0 0 0    15
2 98389  22.7057   3.3135 4838035 119.5955 166.0630  1.72039115    15
S98359
1 98359U S98359   20016.00000000 0.00000000      0 0      0 0 0    19
2 98359  22.4740   5.3081 3491213 118.3556 130.0850  1.79537357    19
S98351
1 98351U S98351   20016.00000000 0.00000000      0 0      0 0 0    13
2 98351  22.4700   3.5300 4073951 138.2578  19.1403  1.86239428    19
S98348
1 98348U S98348   20016.00000000 0.00000000      0 0      0 0 0    15
2 98348  22.4152   0.4419 4678015 132.6542 157.4059  1.78282800    10
S98342
1 98342U S98342   20016.00000000 0.00000000      0 0      0 0 0    13
2 98342  22.2771 352.9616 5001723 153.5771  89.0503  1.91508818    15
S98328
1 98328U S98328   20016.00000000 0.00000000      0 0      0 0 0    11
2 98328  22.2738   3.6731 4732717 136.9277  52.0524  1.87366908    19
S98325
1 98325U S98325   20016.00000000 0.00000000      0 0      0 0 0    15
2 98325  22.4562  15.6473 4382687 105.3202 116.7869  1.67665350    15
S98323
1 98323U S98323   20016.00000000 0.00000000      0 0      0 0 0    11
2 98323  22.4654   8.5307 4842288 129.7765 298.3020  1.83838124    19
S98322
1 98322U S98322   20016.00000000 0.00000000      0 0      0 0 0    19
2 98322  22.2492   3.8883 4606031 138.1073 317.4230  1.89125449    14
S98314
1 98314U S98314   20016.00000000 0.00000000      0 0      0 0 0    11
2 98314  22.3604 352.7338 5123371 159.2749 152.8437  1.98647238    13
S98313
1 98313U S98313   20016.00000000 0.00000000      0 0      0 0 0    19
2 98313  22.4179  11.8413 4656278 114.7044  44.0600  1.72004926    14
S98308
1 98308U S98308   20016.00000000 0.00000000      0 0      0 0 0    17
2 98308  22.3939   5.5438 4838055 135.7500  81.7590  1.87718603    19
S98307
1 98307U S98307   20016.00000000 0.00000000      0 0      0 0 0    15
2 98307  22.3851   6.6801 4893315 129.1099 113.5722  1.80994208    18
S98261
1 98261U S98261   20016.00000000 0.00000000      0 0      0 0 0    13
2 98261  22.3166   1.3147 4578099 137.1747 152.7571  1.83640869    10
S98222
1 98222U S98222   20016.00000000 0.00000000      0 0      0 0 0    17
2 98222  22.3361   2.6280 4791748 137.7778 178.6555  1.87386400    15
S98203
1 98203U S98203   20016.00000000 0.00000000      0 0      0 0 0    15
2 98203  22.2722   1.8287 4639660 135.5407  11.3948  1.84050291    13
S98198
1 98198U S98198   20016.00000000 0.00000000      0 0      0 0 0    11
2 98198  22.3549   2.7326 4862524 139.6673 321.8323  1.88886577    19
S98197
1 98197U S98197   20016.00000000 0.00000000      0 0      0 0 0    19
2 98197  22.3758   4.8781 4978878 134.0744  76.2665  1.83536577    13
S98195
1 98195U S98195   20016.00000000 0.00000000      0 0      0 0 0    15
2 98195  22.3038   3.2737 4883433 135.1985 264.9650  1.83776457    10
S98190
1 98190U S98190   20016.00000000 0.00000000      0 0      0 0 0    15
2 98190  22.6128 357.2391 4284917 140.8749 293.2575  1.82586176    16
S98169
1 98169U S98169   20016.00000000 0.00000000      0 0      0 0 0    17
2 98169  22.4112   1.5495 3925909 135.1354 251.9799  1.83144405    13
S98155
1 98155U S98155   20016.00000000 0.00000000      0 0      0 0 0    17
2 98155  22.3206   0.2374 5011888 138.3344 342.9926  1.83773403    10
S98103
1 98103U S98103   20016.00000000 0.00000000      0 0      0 0 0    13
2 98103  22.3219   2.4441 4596339 135.5159  25.5454  1.85142109    12
S98099
1 98099U S98099   20016.00000000 0.00000000      0 0      0 0 0    11
2 98099  22.3985   5.3340 4118938 135.3921 173.5467  1.87603318    10
S98079
1 98079U S98079   20016.00000000 0.00000000      0 0      0 0 0    17
2 98079  22.4016   4.3500 4298006 129.2505 157.2648  1.80740328    12
S98058
1 98058U S98058   20016.00000000 0.00000000      0 0      0 0 0    11
2 98058  22.3880   0.5273 4553127 131.9643 265.8716  1.81176677    16
S98055
1 98055U S98055   20016.00000000 0.00000000      0 0      0 0 0    15
2 98055  22.4658 358.0971 5197843 150.8564 145.2370  1.91331505    16
S98052
1 98052U S98052   20016.00000000 0.00000000      0 0      0 0 0    19
2 98052  22.4245   2.0789 3170950 126.1228 167.7450  1.76053076    14
S98051
1 98051U S98051   20016.00000000 0.00000000      0 0      0 0 0    17
2 98051  22.2537   2.9661 4141091 130.3084 338.8156  1.83100294    12
S98050
1 98050U S98050   20016.00000000 0.00000000      0 0      0 0 0    15
2 98050  22.6568   0.4101 3785405 125.8285 338.5970  1.79059658    18
S98047
1 98047U S98047   20016.00000000 0.00000000      0 0      0 0 0    17
2 98047  22.6142   9.2551 3789566 139.6620 220.3948  1.89683131    19
S98043
1 98043U S98043   20016.00000000 0.00000000      0 0      0 0 0    19
2 98043  22.5085   1.8741 4171150 127.1800 326.0671  1.75334280    16
S97987
1 97987U S97987   20016.00000000 0.00000000      0 0      0 0 0    11
2 97987  22.2882 358.4389 4829082 147.9308  26.5049  1.93425811    12
S97984
1 97984U S97984   20016.00000000 0.00000000      0 0      0 0 0    15
2 97984  22.6249   7.8613 4939576 136.8159 186.7799  1.90150277    15
S97964
1 97964U S97964   20016.00000000 0.00000000      0 0      0 0 0    11
2 97964  22.5498  16.0201 4602687 108.4127 296.8059  1.70878363    16
S97963
1 97963U S97963   20016.00000000 0.00000000      0 0      0 0 0    19
2 97963  22.1848   1.4897 3811253 127.2124 162.8355  1.78927501    13
S97947
1 97947U S97947   20016.00000000 0.00000000      0 0      0 0 0    13
2 97947  22.6198 359.0114 4319715 129.6889 187.5418  1.78274483    11
S97910
1 97910U S97910   20016.00000000 0.00000000      0 0      0 0 0    13
2 97910  22.3747   3.7944 4848044 134.1578 126.6769  1.84388383    15
S97909
1 97909U S97909   20016.00000000 0.00000000      0 0      0 0 0    19
2 97909  22.3134 357.4569 4602405 147.8208 272.3949  1.90596837    16
S97886
1 97886U S97886   20016.00000000 0.00000000      0 0      0 0 0    17
2 97886  22.3021 354.7595 4961888 156.9677 343.5421  1.95971835    14
S97871
1 97871U S97871   20016.00000000 0.00000000      0 0      0 0 0    15
2 97871  22.4384 353.5368 5074475 146.1748 152.4940  1.83152420    15
S97866
1 97866U S97866   20016.00000000 0.00000000      0 0      0 0 0    13
2 97866  21.2409  25.7917 2398969  41.7047 146.8033  1.45237110    16
S97859
1 97859U S97859   20016.00000000 0.00000000      0 0      0 0 0    17
2 97859  21.7166  22.4962 1026724  23.8067   2.3692  1.33343984    17
S97852
1 97852U S97852   20016.00000000 0.00000000      0 0      0 0 0    13
2 97852  22.9241  21.8251 4067839  71.5054 154.4110  1.44414272    17
S97850
1 97850U S97850   20016.00000000 0.00000000      0 0      0 0 0    19
2 97850  21.6461   2.5165 5588170 133.0075 336.9235  1.83997075    14
S97809
1 97809U S97809   20016.00000000 0.00000000      0 0      0 0 0    17
2 97809  22.4536  13.9750 4485885 106.5066 274.6192  1.66571017    14
S97808
1 97808U S97808   20016.00000000 0.00000000      0 0      0 0 0    15
2 97808  22.3127   3.9735 4507169 131.6909  69.5808  1.81496621    14
S97485
1 97485U S97485   20016.00000000 0.00000000      0 0      0 0 0    17
2 97485  22.5526   4.3968 3802274 131.7524 136.6569  1.87024695    15
S96129
1 96129U S96129   20016.00000000 0.00000000      0 0      0 0 0    15
2 96129  22.3472   3.4949 4822734 135.5245 348.2945  1.85576199    10
S94877
1 94877U S94877   20016.00000000 0.00000000      0 0      0 0 0    11
2 94877  21.7588   3.6040 4646461 129.7050 292.8154  1.82425534    12
S94826
1 94826U S94826   20016.00000000 0.00000000      0 0      0 0 0    19
2 94826  22.2905 355.2081 5068029 155.1792 274.6259  1.96005668    12
S94777
1 94777U S94777   20016.00000000 0.00000000      0 0      0 0 0    19
2 94777  22.2687   1.0340 4834233 143.8786  38.7831  1.88989101    11
S94776
1 94776U S94776   20016.00000000 0.00000000      0 0      0 0 0    17
2 94776  22.5563 359.8835 5322778 131.5907 296.4454  1.75541935    14
S94555
1 94555U S94555   20016.00000000 0.00000000      0 0      0 0 0    17
2 94555  22.7023   9.9785 4965944 132.6363 292.7194  1.87129349    18
S94554
1 94554U S94554   20016.00000000 0.00000000      0 0      0 0 0    15
2 94554  22.7165 356.7307 5124028 148.6301  55.5103  1.84254337    15
S94545
1 94545U S94545   20016.00000000 0.00000000      0 0      0 0 0    15
2 94545  22.5093   9.2475 4572688 132.7256 104.0764  1.89246555    11
S94528
1 94528U S94528   20016.00000000 0.00000000      0 0      0 0 0    17
2 94528  22.2385 356.7190 4693836 133.2441 165.1380  1.82109034    13
S94527
1 94527U S94527   20016.00000000 0.00000000      0 0      0 0 0    15
2 94527  22.2548 350.4655 5243679 162.8930  72.6838  1.99073480    11
S94526
1 94526U S94526   20016.00000000 0.00000000      0 0      0 0 0    13
2 94526  22.4983  15.5805 4557456 112.7311 301.3827  1.74715669    13
S94476
1 94476U S94476   20016.00000000 0.00000000      0 0      0 0 0    11
2 94476  22.0401 354.6896 4639181 154.7427  76.7293  1.95125327    14
S94468
1 94468U S94468   20016.00000000 0.00000000      0 0      0 0 0    13
2 94468  22.2305   3.5464 4551123 136.1462 247.8655  1.87949246    11
S94270
1 94270U S94270   20016.00000000 0.00000000      0 0      0 0 0    15
2 94270  22.3410   2.7250 4701899 131.9244 310.0740  1.83090166    14
S94267
1 94267U S94267   20016.00000000 0.00000000      0 0      0 0 0    17
2 94267  21.8003   3.6840 4621736 124.2956 148.9449  1.82170318    14
S94240
1 94240U S94240   20016.00000000 0.00000000      0 0      0 0 0    19
2 94240  22.2725  12.5479 4290518 112.1214 179.3767  1.72459274    12
S94238
1 94238U S94238   20016.00000000 0.00000000      0 0      0 0 0    13
2 94238  22.4624  12.2877 4558414 110.7400  70.1074  1.69439009    10
S94135
1 94135U S94135   20016.00000000 0.00000000      0 0      0 0 0    15
2 94135  22.5454  16.4043 2671297 101.4451  79.3538  1.66597732    16
S94134
1 94134U S94134   20016.00000000 0.00000000      0 0      0 0 0    13
2 94134  22.4533   1.9313 4788676 128.8702 159.3446  1.76734737    11
S94129
1 94129U S94129   20016.00000000 0.00000000      0 0      0 0 0    11
2 94129  22.4620  18.0393 4187103  97.8808 347.8243  1.63650702    13
S94125
1 94125U S94125   20016.00000000 0.00000000      0 0      0 0 0    13
2 94125  22.3387   5.1871 4746493 130.3656 193.5264  1.83277543    12
S94103
1 94103U S94103   20016.00000000 0.00000000      0 0      0 0 0    15
2 94103  22.4391  13.3415 4466347 107.8121 259.1294  1.67544032    16
S94100
1 94100U S94100   20016.00000000 0.00000000      0 0      0 0 0    19
2 94100  22.5792   4.4634 4157359 126.7168  87.0930  1.85433667    10
S94090
1 94090U S94090   20016.00000000 0.00000000      0 0      0 0 0    15
2 94090  22.2802  10.4878 4162907 117.4852 146.8393  1.78415100    17
S94084
1 94084U S94084   20016.00000000 0.00000000      0 0      0 0 0    11
2 94084  22.2719 351.4171 5068656 158.2080 235.5595  1.94940060    10
S94082
1 94082U S94082   20016.00000000 0.00000000      0 0      0 0 0    17
2 94082  22.2844   4.6133 4690931 131.2091  41.3186  1.81513751    19
S94081
1 94081U S94081   20016.00000000 0.00000000      0 0      0 0 0    15
2 94081  22.7402   9.0099 4660089 114.1296  14.9318  1.70388771    14
S94060
1 94060U S94060   20016.00000000 0.00000000      0 0      0 0 0    19
2 94060  22.5337  11.0502 4538268 129.3608 116.3632  1.88514402    13
S94048
1 94048U S94048   20016.00000000 0.00000000      0 0      0 0 0    11
2 94048  22.3335   2.7550 5116282 134.7910  18.4195  1.87691876    16
S94045
1 94045U S94045   20016.00000000 0.00000000      0 0      0 0 0    15
2 94045  22.2770   3.5136 4620428 135.2789 280.6790  1.86363883    12
S94041
1 94041U S94041   20016.00000000 0.00000000      0 0      0 0 0    17
2 94041  22.2060 349.2640 5060700 163.0181 268.9382  1.98510545    15
S94036
1 94036U S94036   20016.00000000 0.00000000      0 0      0 0 0    15
2 94036  22.2495   0.5417 4657675 144.3524 125.8667  1.92466056    13
S94034
1 94034U S94034   20016.00000000 0.00000000      0 0      0 0 0    11
2 94034  21.6914   2.9864 4997177 138.8765 285.2734  1.84933793    15
S94031
1 94031U S94031   20016.00000000 0.00000000      0 0      0 0 0    15
2 94031  22.2201 350.2161 4982458 162.1327 309.5386  1.98569255    13
S94030
1 94030U S94030   20016.00000000 0.00000000      0 0      0 0 0    13
2 94030  22.2630 356.8761 4891994 151.5853 234.7399  1.95587875    14
S94028
1 94028U S94028   20016.00000000 0.00000000      0 0      0 0 0    17
2 94028  22.3823   6.5891 4521594 126.0911 314.4503  1.80722297    13
S94026
1 94026U S94026   20016.00000000 0.00000000      0 0      0 0 0    13
2 94026  22.2276 350.4255 5242574 164.3157 172.7444  1.98749627    17
S94023
1 94023U S94023   20016.00000000 0.00000000      0 0      0 0 0    17
2 94023  23.2578  12.8261 1082263  33.7786  13.1395  1.24209531    13
S94016
1 94016U S94016   20016.00000000 0.00000000      0 0      0 0 0    11
2 94016  22.2851 358.9919 5024184 146.2345 197.9141  1.90609551    14
S94015
1 94015U S94015   20016.00000000 0.00000000      0 0      0 0 0    19
2 94015  22.3245   6.1826 5009440 125.0394 120.9330  1.84420125    14
S94014
1 94014U S94014   20016.00000000 0.00000000      0 0      0 0 0    17
2 94014  22.4122  10.7757 4142357 117.0067 254.3443  1.77084410    16
S94012
1 94012U S94012   20016.00000000 0.00000000      0 0      0 0 0    13
2 94012  21.7682 355.5634 4477798 137.9749 154.5409  1.86361848    15
S94008
1 94008U S94008   20016.00000000 0.00000000      0 0      0 0 0    13
2 94008  22.4886   9.3619 4828577 129.5537 329.0441  1.85078751    10
S94007
1 94007U S94007   20016.00000000 0.00000000      0 0      0 0 0    11
2 94007  22.3425   3.0715 4748758 137.8427 262.0087  1.88231992    10
S94005
1 94005U S94005   20016.00000000 0.00000000      0 0      0 0 0    17
2 94005  23.5440   5.2647 5359651 139.3187 188.2618  1.82473867    19
S94000
1 94000U S94000   20016.00000000 0.00000000      0 0      0 0 0    17
2 94000  22.4105   5.1012 4827482 124.2413 280.7887  1.74521583    17
S93996
1 93996U S93996   20016.00000000 0.00000000      0 0      0 0 0    13
2 93996  22.3464 348.6886 5431286 173.4251 150.8300  2.03433930    19
S93992
1 93992U S93992   20016.00000000 0.00000000      0 0      0 0 0    15
2 93992  22.3176   1.8650 4119993 130.9180 303.0433  1.82801051    16
S93989
1 93989U S93989   20016.00000000 0.00000000      0 0      0 0 0    17
2 93989  22.3161 358.3223 4683081 148.7734 188.9575  1.86353915    10
S93984
1 93984U S93984   20016.00000000 0.00000000      0 0      0 0 0    17
2 93984  22.4347   4.9689 4916367 138.5529 116.2971  1.89512422    14
S93977
1 93977U S93977   20016.00000000 0.00000000      0 0      0 0 0    11
2 93977  22.5240  23.4865 3973219  82.9341 266.2341  1.54501905    16
S93976
1 93976U S93976   20016.00000000 0.00000000      0 0      0 0 0    19
2 93976  22.5548  11.6135 4620108 127.5543 254.7563  1.86819364    16
S93975
1 93975U S93975   20016.00000000 0.00000000      0 0      0 0 0    17
2 93975  22.3819   4.9685 4766306 127.7133 283.6012  1.78910182    18
S93964
1 93964U S93964   20016.00000000 0.00000000      0 0      0 0 0    13
2 93964  22.4660   2.1418 4615426 138.8182 264.8862  1.91358651    14
S93962
1 93962U S93962   20016.00000000 0.00000000      0 0      0 0 0    19
2 93962  22.5643   3.8294 4136162 135.2305 239.2043  1.88877582    19
S93958
1 93958U S93958   20016.00000000 0.00000000      0 0      0 0 0    19
2 93958  22.3031   1.9232 4805328 141.4835  43.3405  1.90222563    10
S93957
1 93957U S93957   20016.00000000 0.00000000      0 0      0 0 0    17
2 93957  22.1922   0.5968 4808047 143.0344  54.0967  1.89841456    19
S93956
1 93956U S93956   20016.00000000 0.00000000      0 0      0 0 0    15
2 93956  22.4402   6.0172 4261337 134.2483  29.8015  1.86347481    13
S93953
1 93953U S93953   20016.00000000 0.00000000      0 0      0 0 0    19
2 93953  22.5010   5.2803 4209111 122.3887  95.1441  1.77601245    16
S93949
1 93949U S93949   20016.00000000 0.00000000      0 0      0 0 0    19
2 93949  22.2530   0.7900 4760517 142.8559 143.7824  1.90919245    10
S93948
1 93948U S93948   20016.00000000 0.00000000      0 0      0 0 0    17
2 93948  22.3248   3.4337 4829423 135.3933 259.0699  1.85402546    11
S93946
1 93946U S93946   20016.00000000 0.00000000      0 0      0 0 0    13
2 93946  22.5405  21.6799 3919805  98.7792   1.4895  1.69233187    10
S93944
1 93944U S93944   20016.00000000 0.00000000      0 0      0 0 0    19
2 93944  22.2965   2.2051 4513910 137.0048 237.6460  1.87670799    16
S93942
1 93942U S93942   20016.00000000 0.00000000      0 0      0 0 0    15
2 93942  22.4662 358.6423 3723666 131.4231 149.2494  1.85193456    16
S93941
1 93941U S93941   20016.00000000 0.00000000      0 0      0 0 0    13
2 93941  21.8436  30.2924 3573805  52.8452  94.7597  1.28847296    18
S93940
1 93940U S93940   20016.00000000 0.00000000      0 0      0 0 0    11
2 93940  22.2846   5.0464 4577428 137.7581 113.6739  1.89699749    12
S93933
1 93933U S93933   20016.00000000 0.00000000      0 0      0 0 0    15
2 93933  23.3006   1.7616 3867630  97.7490 183.3345  1.62740942    16
S93927
1 93927U S93927   20016.00000000 0.00000000      0 0      0 0 0    11
2 93927  21.4416   2.2123 5773348 134.4167  98.6713  1.84824962    12
S93926
1 93926U S93926   20016.00000000 0.00000000      0 0      0 0 0    19
2 93926  22.3930   2.6900 4872472 135.7928 329.3137  1.85099777    18
S93925
1 93925U S93925   20016.00000000 0.00000000      0 0      0 0 0    17
2 93925  23.1423   6.6225 1653877  66.7014 334.5091  1.80826970    14
S93906
1 93906U S93906   20016.00000000 0.00000000      0 0      0 0 0    15
2 93906  23.0841  27.0035 3171802  36.0121  35.2271  1.37290543    14
S93901
1 93901U S93901   20016.00000000 0.00000000      0 0      0 0 0    15
2 93901  22.5670   9.2892 3730949 110.4225  96.5843  1.73742049    19
S93896
1 93896U S93896   20016.00000000 0.00000000      0 0      0 0 0    11
2 93896  22.7215  20.5186 3907125  75.7614 309.7282  1.50062296    18
S93893
1 93893U S93893   20016.00000000 0.00000000      0 0      0 0 0    15
2 93893  22.5637   2.1166 4276942 131.2325 247.0164  1.83081067    15
S93890
1 93890U S93890   20016.00000000 0.00000000      0 0      0 0 0    19
2 93890  22.4968  14.5922 4410354 100.0888 226.8236  1.60553220    15
S93889
1 93889U S93889   20016.00000000 0.00000000      0 0      0 0 0    15
2 93889  22.3203   3.8986 4556849 138.1066  80.8457  1.89909220    14
S93885
1 93885U S93885   20016.00000000 0.00000000      0 0      0 0 0    17
2 93885  22.3424   6.1065 4503217 127.6898 185.7164  1.82552609    14
S93880
1 93880U S93880   20016.00000000 0.00000000      0 0      0 0 0    17
2 93880  22.6525   8.3643 4840209 125.0843 169.8078  1.80554325    19
S93876
1 93876U S93876   20016.00000000 0.00000000      0 0      0 0 0    17
2 93876  22.0952   5.8059 4474127 129.1641  44.1192  1.83584393    11
S93874
1 93874U S93874   20016.00000000 0.00000000      0 0      0 0 0    13
2 93874  22.6434   3.3628 4458579 122.0595  37.3409  1.74059532    15
S93868
1 93868U S93868   20016.00000000 0.00000000      0 0      0 0 0    19
2 93868  22.6134 351.2378 5042504 159.6528 281.8348  1.95784704    19
S93858
1 93858U S93858   20016.00000000 0.00000000      0 0      0 0 0    17
2 93858  22.3311   1.1799 4864166 141.5883 243.8281  1.89415366    11
S93857
1 93857U S93857   20016.00000000 0.00000000      0 0      0 0 0    15
2 93857  22.8606  13.9117 4736103  93.7779  48.4512  1.47225985    14
S93856
1 93856U S93856   20016.00000000 0.00000000      0 0      0 0 0    13
2 93856  22.4681  13.7476 3979792 110.6811 345.7978  1.73556746    16
S93855
1 93855U S93855   20016.00000000 0.00000000      0 0      0 0 0    11
2 93855  22.3476   3.8328 4781781 133.3648 260.9388  1.83855659    11
S93829
1 93829U S93829   20016.00000000 0.00000000      0 0      0 0 0    13
2 93829  22.7374  21.4856 2150050  42.7733  55.4798  1.47610242    19
S93827
1 93827U S93827   20016.00000000 0.00000000      0 0      0 0 0    19
2 93827  22.3565   3.2686 4741686 132.8775  98.8451  1.83176653    14
S93824
1 93824U S93824   20016.00000000 0.00000000      0 0      0 0 0    13
2 93824  22.2842   0.9361 4940797 141.0337  52.7192  1.87417180    10
S93800
1 93800U S93800   20016.00000000 0.00000000      0 0      0 0 0    11
2 93800  22.7985 354.1964 4433242 141.7818 211.2249  1.86217831    18
S93782
1 93782U S93782   20016.00000000 0.00000000      0 0      0 0 0    19
2 93782  22.7117  16.2443 4467054  93.1047 145.3239  1.64364424    17
S93769
1 93769U S93769   20016.00000000 0.00000000      0 0      0 0 0    19
2 93769  22.6064  14.3770 4771953 119.7878 281.3730  1.79889127    12
S93760
1 93760U S93760   20016.00000000 0.00000000      0 0      0 0 0    11
2 93760  22.2229 350.2727 5161722 164.4648 177.1874  1.99060829    19
S93754
1 93754U S93754   20016.00000000 0.00000000      0 0      0 0 0    17
2 93754  22.6971  12.7258 5037284 124.5769  83.7620  1.80969305    13
S93753
1 93753U S93753   20016.00000000 0.00000000      0 0      0 0 0    15
2 93753  22.4781  11.7075 3825907 112.7909 181.4572  1.75517235    12
S93723
1 93723U S93723   20016.00000000 0.00000000      0 0      0 0 0    19
2 93723  22.3295   4.6859 4792066 126.5792 325.3704  1.77388382    19
S93717
1 93717U S93717   20016.00000000 0.00000000      0 0      0 0 0    15
2 93717  22.5267  11.8103 4803539 121.4041  67.6590  1.78581771    11
S93688
1 93688U S93688   20016.00000000 0.00000000      0 0      0 0 0    19
2 93688  22.4687   4.8289 4748133 122.2810  33.5029  1.72998232    18
S93687
1 93687U S93687   20016.00000000 0.00000000      0 0      0 0 0    17
2 93687  22.1001 358.0765 5353117 145.0727 164.1075  1.85513178    10
S93685
1 93685U S93685   20016.00000000 0.00000000      0 0      0 0 0    13
2 93685  22.6233  10.9276 3823187 129.2802 344.6044  1.82079861    10
S93683
1 93683U S93683   20016.00000000 0.00000000      0 0      0 0 0    19
2 93683  22.4383   8.0263 3320161 104.8043 258.5689  1.73762435    10
S93678
1 93678U S93678   20016.00000000 0.00000000      0 0      0 0 0    17
2 93678  22.3658  11.7757 4481370 117.1170 297.2171  1.76190819    16
S93672
1 93672U S93672   20016.00000000 0.00000000      0 0      0 0 0    15
2 93672  22.3762   6.0174 4540957 126.3291 193.8312  1.80003137    18
S93670
1 93670U S93670   20016.00000000 0.00000000      0 0      0 0 0    11
2 93670  22.1051 353.6751 5096026 158.4663 252.0573  1.95959956    12
S93669
1 93669U S93669   20016.00000000 0.00000000      0 0      0 0 0    17
2 93669  22.5864   0.0189 4342535 154.1187 165.2978  1.83448650    11
S93668
1 93668U S93668   20016.00000000 0.00000000      0 0      0 0 0    15
2 93668  22.2784   1.4047 4125788 135.0123  79.8086  1.87321804    18
S93667
1 93667U S93667   20016.00000000 0.00000000      0 0      0 0 0    13
2 93667  22.4763  18.4758 4236420  96.4539   0.7550  1.61666853    17
S93666
1 93666U S93666   20016.00000000 0.00000000      0 0      0 0 0    11
2 93666  21.8453   3.7449 4815420 129.7096 285.3899  1.80824970    14
S93665
1 93665U S93665   20016.00000000 0.00000000      0 0      0 0 0    19
2 93665  21.8607 353.8825 4524912 154.8289 351.9220  1.98507145    16
S93664
1 93664U S93664   20016.00000000 0.00000000      0 0      0 0 0    17
2 93664  22.0235  11.6129 4603208 127.9001 241.0735  1.87782369    11
S93660
1 93660U S93660   20016.00000000 0.00000000      0 0      0 0 0    19
2 93660  22.5811  22.2324 2526814  60.2008  70.4511  1.52586241    17
S93658
1 93658U S93658   20016.00000000 0.00000000      0 0      0 0 0    13
2 93658  22.3432   3.5320 4827004 135.0518 122.5405  1.84982315    11
S93657
1 93657U S93657   20016.00000000 0.00000000      0 0      0 0 0    11
2 93657  22.4197   5.9034 4709566 124.1336 149.6848  1.73616566    17
S93651
1 93651U S93651   20016.00000000 0.00000000      0 0      0 0 0    19
2 93651  22.5320   5.3704 5039573 139.9861 257.2517  1.90194005    17
S93649
1 93649U S93649   20016.00000000 0.00000000      0 0      0 0 0    13
2 93649  22.2961   1.5954 4382897 141.4794  90.6810  1.92433681    12
S93648
1 93648U S93648   20016.00000000 0.00000000      0 0      0 0 0    11
2 93648  22.6268  22.5244 1946005  56.2273 303.6070  1.55275512    10
S93647
1 93647U S93647   20016.00000000 0.00000000      0 0      0 0 0    19
2 93647  22.4070  11.5469 4273456 116.9225 104.4321  1.77021362    14
S93646
1 93646U S93646   20016.00000000 0.00000000      0 0      0 0 0    17
2 93646  22.3316   5.6705 4561358 120.7144 119.2750  1.73396379    15
S93643
1 93643U S93643   20016.00000000 0.00000000      0 0      0 0 0    11
2 93643  22.5580 357.6311 3746614 137.3248 300.8481  1.89075754    15
S93584
1 93584U S93584   20016.00000000 0.00000000      0 0      0 0 0    19
2 93584  22.2314   2.5871 4522501 139.2360  23.4165  1.89893477    19
S93583
1 93583U S93583   20016.00000000 0.00000000      0 0      0 0 0    17
2 93583  22.7074  26.4932 1937261  27.0971 294.2729  1.35646244    14
S93582
1 93582U S93582   20016.00000000 0.00000000      0 0      0 0 0    15
2 93582  22.2750   9.0449 4271348 121.9154 144.1863  1.80387703    10
S93581
1 93581U S93581   20016.00000000 0.00000000      0 0      0 0 0    13
2 93581  22.2799   4.6564 4580015 131.4982 264.3628  1.83683485    13
S93579
1 93579U S93579   20016.00000000 0.00000000      0 0      0 0 0    17
2 93579  22.4549  24.9023 4074675  78.5632 318.0963  1.47711582    12
S93577
1 93577U S93577   20016.00000000 0.00000000      0 0      0 0 0    13
2 93577  22.3253  10.1003 4267539 121.8658 183.0396  1.80431894    11
S93576
1 93576U S93576   20016.00000000 0.00000000      0 0      0 0 0    11
2 93576  22.3293 358.1984 4961146 142.3084 284.4582  1.86266741    19
S93574
1 93574U S93574   20016.00000000 0.00000000      0 0      0 0 0    17
2 93574  22.0240   0.7525 4573624 139.3888  38.8394  1.86580520    11
S93573
1 93573U S93573   20016.00000000 0.00000000      0 0      0 0 0    15
2 93573  22.3280   1.9750 4755010 139.3278 128.1736  1.86654103    16
S93572
1 93572U S93572   20016.00000000 0.00000000      0 0      0 0 0    13
2 93572  22.2522   5.4904 4368782 128.1790  99.4813  1.83138024    16
S93571
1 93571U S93571   20016.00000000 0.00000000      0 0      0 0 0    11
2 93571  23.5098  23.2537 3556636   0.9969  86.7910  1.29977609    15
S93570
1 93570U S93570   20016.00000000 0.00000000      0 0      0 0 0    19
2 93570  22.4936  25.0581 2181214  43.4791  10.2617  1.42898342    19
S93568
1 93568U S93568   20016.00000000 0.00000000      0 0      0 0 0    13
2 93568  22.4826   3.2904 4780613 124.7908  99.3119  1.73818592    12
S93567
1 93567U S93567   20016.00000000 0.00000000      0 0      0 0 0    11
2 93567  22.2980   1.6442 4973793 129.3309  72.7224  1.80790160    18
S93566
1 93566U S93566   20016.00000000 0.00000000      0 0      0 0 0    19
2 93566  22.1887   4.8215 4540299 126.0536  59.2267  1.77930633    16
S93565
1 93565U S93565   20016.00000000 0.00000000      0 0      0 0 0    17
2 93565  22.7206 356.6614 4593232 134.8783 158.0630  1.80222730    11
S93564
1 93564U S93564   20016.00000000 0.00000000      0 0      0 0 0    15
2 93564  22.5195 359.3232 3629972 123.3416 346.2411  1.79064017    15
S93560
1 93560U S93560   20016.00000000 0.00000000      0 0      0 0 0    17
2 93560  22.2644   4.1363 4614782 131.6724 108.7858  1.84149498    14
S93559
1 93559U S93559   20016.00000000 0.00000000      0 0      0 0 0    13
2 93559  22.2254 359.3374 4803484 145.3105 202.0744  1.91118180    14
S93558
1 93558U S93558   20016.00000000 0.00000000      0 0      0 0 0    11
2 93558  22.2066   1.9527 4232543 133.3494 305.7482  1.85630905    11
S93557
1 93557U S93557   20016.00000000 0.00000000      0 0      0 0 0    19
2 93557  22.3948   4.3173 4578263 131.6082 153.5318  1.83511818    16
S93556
1 93556U S93556   20016.00000000 0.00000000      0 0      0 0 0    17
2 93556  22.7400 356.6603 3998872 131.8445  96.7113  1.78879190    14
S93555
1 93555U S93555   20016.00000000 0.00000000      0 0      0 0 0    15
2 93555  22.2854   2.7095 4657853 133.4062 205.0068  1.83132799    17
S93554
1 93554U S93554   20016.00000000 0.00000000      0 0      0 0 0    13
2 93554  22.4729   4.0249 3182283 118.3731 151.3002  1.82451585    16
S93553
1 93553U S93553   20016.00000000 0.00000000      0 0      0 0 0    11
2 93553  22.3062   4.3914 4679463 132.2895 339.5275  1.83867719    17
S93552
1 93552U S93552   20016.00000000 0.00000000      0 0      0 0 0    19
2 93552  22.6249  25.7228 4241622  83.2678  18.2041  1.53505396    16
S93551
1 93551U S93551   20016.00000000 0.00000000      0 0      0 0 0    17
2 93551  22.4776  10.4151 3850102  97.7165 228.2758  1.61017379    19
S93549
1 93549U S93549   20016.00000000 0.00000000      0 0      0 0 0    11
2 93549  22.4724  11.8749 4467596 140.6740  18.8287  1.75263287    12
S93547
1 93547U S93547   20016.00000000 0.00000000      0 0      0 0 0    17
2 93547  22.3505   4.0794 4779258 133.2294 140.5443  1.83999105    14
S93541
1 93541U S93541   20016.00000000 0.00000000      0 0      0 0 0    15
2 93541  22.3331   2.8420 4284347 129.4995 327.7932  1.81759221    15
S93540
1 93540U S93540   20016.00000000 0.00000000      0 0      0 0 0    13
2 93540  22.3408   5.3851 4775678 130.7888 165.9975  1.82567761    19
S93539
1 93539U S93539   20016.00000000 0.00000000      0 0      0 0 0    19
2 93539  22.5660  18.7254 4575614  81.0961 347.4302  1.40941755    16
S93538
1 93538U S93538   20016.00000000 0.00000000      0 0      0 0 0    17
2 93538  22.3932   9.7916 4486832 119.9902 158.0982  1.77437423    11
S93536
1 93536U S93536   20016.00000000 0.00000000      0 0      0 0 0    13
2 93536  22.1428 352.9921 5056942 151.6833 177.4710  1.94533299    19
S93535
1 93535U S93535   20016.00000000 0.00000000      0 0      0 0 0    11
2 93535  22.3348   6.9530 4603342 120.1341 322.4245  1.73858340    18
S93530
1 93530U S93530   20016.00000000 0.00000000      0 0      0 0 0    11
2 93530  22.4306  11.0725 4482391 113.2428 114.3106  1.71056194    18
S93529
1 93529U S93529   20016.00000000 0.00000000      0 0      0 0 0    17
2 93529  22.6880  18.1635 4690629  89.6583 122.4856  1.53961508    12
S93526
1 93526U S93526   20016.00000000 0.00000000      0 0      0 0 0    11
2 93526  22.2986   4.3123 4319196 130.9572  42.5478  1.83318824    18
S93523
1 93523U S93523   20016.00000000 0.00000000      0 0      0 0 0    15
2 93523  22.3784  13.8874 3226776 107.9680 255.9913  1.74723523    14
S93522
1 93522U S93522   20016.00000000 0.00000000      0 0      0 0 0    13
2 93522  22.6131 352.8976 3712876 128.1360 145.1292  1.80568054    15
S93521
1 93521U S93521   20016.00000000 0.00000000      0 0      0 0 0    11
2 93521  22.1598  10.0123 4232074 115.6242 302.3262  1.74857572    14
S93519
1 93519U S93519   20016.00000000 0.00000000      0 0      0 0 0    15
2 93519  22.1994 347.6092 5232770 167.1259 106.2450  1.98871880    13
S93518
1 93518U S93518   20016.00000000 0.00000000      0 0      0 0 0    13
2 93518  22.6420  30.4568 3650937  70.5895 176.5536  1.50407846    16
S93517
1 93517U S93517   20016.00000000 0.00000000      0 0      0 0 0    11
2 93517  22.2396   2.9572 4272816 141.3094  76.6318  1.80565429    10
S93516
1 93516U S93516   20016.00000000 0.00000000      0 0      0 0 0    19
2 93516  22.3679   5.9030 4605839 124.3812  70.4233  1.72774321    12
S93515
1 93515U S93515   20016.00000000 0.00000000      0 0      0 0 0    17
2 93515  22.1971  10.1545 3822613 117.6073 207.1031  1.78867681    10
S93514
1 93514U S93514   20016.00000000 0.00000000      0 0      0 0 0    15
2 93514  22.2764   7.0815 4122510 127.4608 154.4368  1.84325386    13
S93513
1 93513U S93513   20016.00000000 0.00000000      0 0      0 0 0    13
2 93513  22.3815   6.3727 4549138 120.2999 250.5299  1.73168262    14
S93512
1 93512U S93512   20016.00000000 0.00000000      0 0      0 0 0    11
2 93512  22.3814   6.0398 4124384 122.7878 292.5283  1.79489128    10
S93511
1 93511U S93511   20016.00000000 0.00000000      0 0      0 0 0    19
2 93511  22.7645  29.8435 3602221  11.7052 125.0526  1.15511619    12
S93510
1 93510U S93510   20016.00000000 0.00000000      0 0      0 0 0    17
2 93510  22.5162 357.9086 4508755 137.8652 172.4179  1.85181364    11
S93509
1 93509U S93509   20016.00000000 0.00000000      0 0      0 0 0    13
2 93509  22.4182   9.7065 4794069 123.7733 355.5341  1.79222383    13
S93508
1 93508U S93508   20016.00000000 0.00000000      0 0      0 0 0    11
2 93508  22.7945   4.6468 4731071 132.3273  58.7037  1.84108944    18
S93507
1 93507U S93507   20016.00000000 0.00000000      0 0      0 0 0    19
2 93507  22.1010 352.7401 5157980 159.0923  49.1089  1.96338960    15
S93505
1 93505U S93505   20016.00000000 0.00000000      0 0      0 0 0    15
2 93505  22.2472 351.7206 5162918 158.2181 224.0535  1.94566909    16
S93504
1 93504U S93504   20016.00000000 0.00000000      0 0      0 0 0    13
2 93504  22.5564  25.5724 3634542  60.4983 211.7764  1.38382475    19
S93503
1 93503U S93503   20016.00000000 0.00000000      0 0      0 0 0    11
2 93503  22.3627   9.6260 1565720  41.0254  52.6250  1.73577755    17
S93502
1 93502U S93502   20016.00000000 0.00000000      0 0      0 0 0    19
2 93502  22.1493 351.0957 5003539 156.9248 311.6944  1.90356292    18
S93501
1 93501U S93501   20016.00000000 0.00000000      0 0      0 0 0    17
2 93501  22.1757 347.9965 4898338 162.4952  52.9493  1.97412692    13
S93500
1 93500U S93500   20016.00000000 0.00000000      0 0      0 0 0    15
2 93500  22.5128  12.8324 4591415 115.0194 282.6117  1.71946970    11
S93499
1 93499U S93499   20016.00000000 0.00000000      0 0      0 0 0    19
2 93499  21.9699 348.6668 5289615 166.1911  26.1440  1.96963458    13
S93498
1 93498U S93498   20016.00000000 0.00000000      0 0      0 0 0    17
2 93498  22.0042   1.4027 3934243 133.1196  35.7398  1.84266760    17
S93497
1 93497U S93497   20016.00000000 0.00000000      0 0      0 0 0    15
2 93497  22.2340 353.3162 5158810 158.2850 309.0628  1.95928702    19
S93496
1 93496U S93496   20016.00000000 0.00000000      0 0      0 0 0    13
2 93496  22.4241  22.0220 3585247  74.7884  56.9392  1.49850736    16
S93495
1 93495U S93495   20016.00000000 0.00000000      0 0      0 0 0    11
2 93495  22.0994 352.3919 5069650 159.7327 290.4641  1.96283101    13
S93494
1 93494U S93494   20016.00000000 0.00000000      0 0      0 0 0    19
2 93494  22.3555 359.9227 4819057 138.7187 259.1793  1.85460352    10
S93493
1 93493U S93493   20016.00000000 0.00000000      0 0      0 0 0    17
2 93493  22.3092   3.4930 4757344 134.6579  95.4942  1.85067858    18
S93492
1 93492U S93492   20016.00000000 0.00000000      0 0      0 0 0    15
2 93492  22.3821   2.8075 5095043 138.5727 356.1091  1.85165719    17
S93491
1 93491U S93491   20016.00000000 0.00000000      0 0      0 0 0    13
2 93491  22.3479   3.8265 4794669 134.4209 219.5263  1.85025003    10
S93490
1 93490U S93490   20016.00000000 0.00000000      0 0      0 0 0    11
2 93490  22.2979   4.7183 4678945 131.1621  44.4689  1.85079556    11
S93489
1 93489U S93489   20016.00000000 0.00000000      0 0      0 0 0    17
2 93489  22.3330 352.7609 5248697 146.1377  27.7169  1.79955024    15
S93488
1 93488U S93488   20016.00000000 0.00000000      0 0      0 0 0    15
2 93488  22.3378  15.3829 3223910 103.6830  85.2296  1.71740829    10
S93487
1 93487U S93487   20016.00000000 0.00000000      0 0      0 0 0    13
2 93487  22.4041   3.4548 4471168 138.6792  50.3672  1.83340272    11
S93486
1 93486U S93486   20016.00000000 0.00000000      0 0      0 0 0    11
2 93486  22.2951 355.4373 4764079 149.7013 345.7341  1.90874903    14
S93485
1 93485U S93485   20016.00000000 0.00000000      0 0      0 0 0    19
2 93485  22.4344   2.2984 4033700 134.3633 345.7121  1.82037091    10
S93484
1 93484U S93484   20016.00000000 0.00000000      0 0      0 0 0    17
2 93484  22.4251 358.3650 4527863 137.2200 261.8089  1.84272219    17
S93483
1 93483U S93483   20016.00000000 0.00000000      0 0      0 0 0    15
2 93483  22.3512   3.8409 4798797 133.6606 233.4989  1.84052888    17
S93482
1 93482U S93482   20016.00000000 0.00000000      0 0      0 0 0    13
2 93482  22.2342   4.3883 4569074 132.2161   2.1778  1.83926897    19
S93481
1 93481U S93481   20016.00000000 0.00000000      0 0      0 0 0    11
2 93481  22.5235  21.9042 4171796  86.8476 280.2144  1.55421733    11
S93480
1 93480U S93480   20016.00000000 0.00000000      0 0      0 0 0    19
2 93480  22.3607 359.7146 5000173 138.1665  66.9025  1.82942042    18
S93479
1 93479U S93479   20016.00000000 0.00000000      0 0      0 0 0    15
2 93479  22.3675   5.2320 4741681 130.5663  20.2892  1.82556145    17
S93478
1 93478U S93478   20016.00000000 0.00000000      0 0      0 0 0    13
2 93478  22.2977   2.9365 4448924 130.9159 111.1325  1.82737650    14
S93477
1 93477U S93477   20016.00000000 0.00000000      0 0      0 0 0    11
2 93477  22.5452 356.0066 4984338 150.2347  14.4299  1.91419545    18
S93476
1 93476U S93476   20016.00000000 0.00000000      0 0      0 0 0    19
2 93476  22.4437 358.9164 4727586 136.4292 129.6498  1.82778895    10
S93475
1 93475U S93475   20016.00000000 0.00000000      0 0      0 0 0    17
2 93475  22.6403   8.0752 4914400 136.5480 231.2666  1.90770351    18
S93474
1 93474U S93474   20016.00000000 0.00000000      0 0      0 0 0    15
2 93474  22.4398  12.3472 4532646 114.5755 201.6921  1.74840133    17
S93473
1 93473U S93473   20016.00000000 0.00000000      0 0      0 0 0    13
2 93473  22.2375   6.1351 4300467 128.1087 149.0073  1.83901085    16
S93472
1 93472U S93472   20016.00000000 0.00000000      0 0      0 0 0    11
2 93472  22.3248   3.5064 4597095 132.6558 112.8616  1.82831911    15
S93471
1 93471U S93471   20016.00000000 0.00000000      0 0      0 0 0    19
2 93471  22.7725   1.4631 5160193 147.3030 349.6979  1.89780581    14
S93470
1 93470U S93470   20016.00000000 0.00000000      0 0      0 0 0    17
2 93470  22.3766   4.2872 4775147 133.4983  74.9168  1.84148622    12
S93469
1 93469U S93469   20016.00000000 0.00000000      0 0      0 0 0    13
2 93469  22.3228  17.9291 4380823  74.2111  78.6344  1.40260276    16
S93468
1 93468U S93468   20016.00000000 0.00000000      0 0      0 0 0    11
2 93468  22.5113   3.7569 4135721 133.8182  52.4996  1.74569479    13
S93467
1 93467U S93467   20016.00000000 0.00000000      0 0      0 0 0    19
2 93467  22.4717  10.8573 4293971 111.4065 322.9984  1.70155509    12
S93466
1 93466U S93466   20016.00000000 0.00000000      0 0      0 0 0    17
2 93466  22.2994 355.8092 5126317 154.4021 222.1020  1.95337858    11
S93465
1 93465U S93465   20016.00000000 0.00000000      0 0      0 0 0    15
2 93465  22.4393   4.0099 4820210 132.8745  18.8116  1.83735704    15
S93464
1 93464U S93464   20016.00000000 0.00000000      0 0      0 0 0    13
2 93464  21.7603   3.8120 4611098 128.9137 203.3712  1.82251882    17
S93463
1 93463U S93463   20016.00000000 0.00000000      0 0      0 0 0    11
2 93463  22.4152   5.7252 4530239 126.0055 174.2830  1.80930501    12
S93462
1 93462U S93462   20016.00000000 0.00000000      0 0      0 0 0    19
2 93462  22.3061   0.1387 5091222 141.0533 195.7521  1.85189693    18
S93461
1 93461U S93461   20016.00000000 0.00000000      0 0      0 0 0    17
2 93461  22.4282   5.3226 5115991 134.9668 138.7404  1.83582510    12
S93460
1 93460U S93460   20016.00000000 0.00000000      0 0      0 0 0    15
2 93460  22.3800   3.7331 4141480 128.3913  51.7710  1.82921207    19
S93459
1 93459U S93459   20016.00000000 0.00000000      0 0      0 0 0    11
2 93459  22.3504   4.2639 4767829 132.7117 312.4242  1.83695267    13
S93458
1 93458U S93458   20016.00000000 0.00000000      0 0      0 0 0    19
2 93458  22.0179   5.0152 4669316 132.3090 186.3996  1.83441480    14
S93457
1 93457U S93457   20016.00000000 0.00000000      0 0      0 0 0    17
2 93457  22.3059   3.0700 4499980 132.0928 250.9199  1.83108743    10
S93456
1 93456U S93456   20016.00000000 0.00000000      0 0      0 0 0    15
2 93456  22.3245   4.5262 4076784 127.4205  92.7941  1.82692977    17
S93455
1 93455U S93455   20016.00000000 0.00000000      0 0      0 0 0    13
2 93455  22.2840   3.1626 4729329 135.6923 187.2934  1.82724743    12
S93454
1 93454U S93454   20016.00000000 0.00000000      0 0      0 0 0    11
2 93454  22.2358   5.8242 4213716 130.5236 198.4144  1.86541372    13
S93453
1 93453U S93453   20016.00000000 0.00000000      0 0      0 0 0    19
2 93453  22.6046   3.0739 4480008 136.4626 185.0159  1.85681117    18
S93452
1 93452U S93452   20016.00000000 0.00000000      0 0      0 0 0    17
2 93452  22.4492  12.9869 4797188 118.4358 150.5503  1.76250274    11
S93451
1 93451U S93451   20016.00000000 0.00000000      0 0      0 0 0    15
2 93451  22.4057   3.6848 4770979 136.1499 157.3366  1.85481276    13
S93450
1 93450U S93450   20016.00000000 0.00000000      0 0      0 0 0    13
2 93450  22.7258   2.2111 4908482 137.8253 164.4429  1.84762802    19
S93449
1 93449U S93449   20016.00000000 0.00000000      0 0      0 0 0    19
2 93449  22.3336   8.3918 4611237 124.7718 241.7312  1.80325964    12
S93448
1 93448U S93448   20016.00000000 0.00000000      0 0      0 0 0    17
2 93448  22.4395   1.2609 3382816 125.3412  55.2908  1.84122447    15
S93447
1 93447U S93447   20016.00000000 0.00000000      0 0      0 0 0    15
2 93447  23.0494   2.1845 2415433 112.8177 220.1050  1.85827700    19
S93446
1 93446U S93446   20016.00000000 0.00000000      0 0      0 0 0    13
2 93446  22.2380   2.0485 4625829 138.8039 244.5445  1.87955396    14
S93445
1 93445U S93445   20016.00000000 0.00000000      0 0      0 0 0    11
2 93445  21.9361 354.5468 4845378 154.1284 292.7768  1.95665834    17
S93444
1 93444U S93444   20016.00000000 0.00000000      0 0      0 0 0    19
2 93444  22.3658   8.2536 4657009 125.5302 265.7366  1.81072571    13
S93443
1 93443U S93443   20016.00000000 0.00000000      0 0      0 0 0    17
2 93443  22.5511  12.1329 3651522 117.2110  28.1660  1.76341321    18
S93442
1 93442U S93442   20016.00000000 0.00000000      0 0      0 0 0    15
2 93442  22.5479  16.7112 3993682  71.6095 203.0745  1.40419238    13
S93441
1 93441U S93441   20016.00000000 0.00000000      0 0      0 0 0    13
2 93441  22.5396   8.2213 4887392 129.8065 205.5372  1.82446995    11
S93440
1 93440U S93440   20016.00000000 0.00000000      0 0      0 0 0    11
2 93440  22.4770  14.6872 4722565 114.2521 330.7363  1.74305002    17
S93439
1 93439U S93439   20016.00000000 0.00000000      0 0      0 0 0    17
2 93439  21.9101   1.3788 5828926 125.0565  23.0089  1.92716798    18
S93438
1 93438U S93438   20016.00000000 0.00000000      0 0      0 0 0    15
2 93438  21.8317   0.9433 4973339 131.4855 324.8542  1.87598172    12
S93437
1 93437U S93437   20016.00000000 0.00000000      0 0      0 0 0    13
2 93437  22.2795   5.4971 3728987 123.6720 280.3469  1.83379241    17
S93436
1 93436U S93436   20016.00000000 0.00000000      0 0      0 0 0    11
2 93436  22.4596   1.6558 4886578 136.7496 344.2399  1.83992843    14
S93435
1 93435U S93435   20016.00000000 0.00000000      0 0      0 0 0    19
2 93435  22.7357  22.1411 4354986 104.6477 280.1733  1.74150062    12
S93433
1 93433U S93433   20016.00000000 0.00000000      0 0      0 0 0    15
2 93433  22.2333   5.0331 4015800 126.8715   3.6036  1.83732045    11
S93432
1 93432U S93432   20016.00000000 0.00000000      0 0      0 0 0    13
2 93432  21.9766   3.1659 4969430 139.6943  93.0899  1.84379965    19
S93431
1 93431U S93431   20016.00000000 0.00000000      0 0      0 0 0    11
2 93431  22.2834   0.8035 5086941 139.6078 122.9769  1.84107283    17
S93430
1 93430U S93430   20016.00000000 0.00000000      0 0      0 0 0    19
2 93430  22.4542  11.5709 5526959 103.2080  23.3467  1.47987516    12
S93428
1 93428U S93428   20016.00000000 0.00000000      0 0      0 0 0    13
2 93428  22.5850  10.4552 4529390 114.7420  57.0258  1.69348037    17
S93426
1 93426U S93426   20016.00000000 0.00000000      0 0      0 0 0    19
2 93426  22.5180  18.4963 4033833  91.0001 147.8534  1.54064284    17
S93425
1 93425U S93425   20016.00000000 0.00000000      0 0      0 0 0    17
2 93425  22.2000 356.1112 4920850 150.3845  37.9952  1.92493533    19
S93424
1 93424U S93424   20016.00000000 0.00000000      0 0      0 0 0    15
2 93424  22.3515   2.1577 4838726 140.2767  59.3659  1.88766521    11
S93423
1 93423U S93423   20016.00000000 0.00000000      0 0      0 0 0    13
2 93423  22.1385   1.1593 5618843 130.7519  38.6047  1.85427184    13
S93422
1 93422U S93422   20016.00000000 0.00000000      0 0      0 0 0    11
2 93422  22.3853   7.0307 4399607 123.4745 211.3527  1.79017671    17
S93421
1 93421U S93421   20016.00000000 0.00000000      0 0      0 0 0    19
2 93421  23.0065   9.3033 5155574 138.3384 114.9775  1.91732205    12
S93420
1 93420U S93420   20016.00000000 0.00000000      0 0      0 0 0    17
2 93420  22.3239   4.9092 4674715 130.5814  19.2693  1.82146470    15
S93419
1 93419U S93419   20016.00000000 0.00000000      0 0      0 0 0    13
2 93419  22.3483   3.0469 4667119 131.2212 322.2956  1.80037407    18
S93418
1 93418U S93418   20016.00000000 0.00000000      0 0      0 0 0    11
2 93418  22.1590 357.6147 4816993 149.3781 231.7362  1.93244423    19
S93416
1 93416U S93416   20016.00000000 0.00000000      0 0      0 0 0    17
2 93416  22.2703 351.2600 5516870 164.6057 127.9387  1.98726789    14
S93415
1 93415U S93415   20016.00000000 0.00000000      0 0      0 0 0    15
2 93415  22.4801  14.7426 4669883 113.1945 129.0400  1.73430616    11
S93414
1 93414U S93414   20016.00000000 0.00000000      0 0      0 0 0    13
2 93414  22.9989   7.0579 4103169 120.1664 199.1011  1.73959992    11
S93413
1 93413U S93413   20016.00000000 0.00000000      0 0      0 0 0    11
2 93413  22.3471 356.6153 5162944 154.6932 203.4520  1.95749612    12
S93412
1 93412U S93412   20016.00000000 0.00000000      0 0      0 0 0    19
2 93412  22.3491   4.0812 4772272 132.8291 335.3329  1.83742011    10
S93411
1 93411U S93411   20016.00000000 0.00000000      0 0      0 0 0    17
2 93411  22.3252   6.8820 4708996 119.7966 107.1866  1.79884884    19
S93410
1 93410U S93410   20016.00000000 0.00000000      0 0      0 0 0    15
2 93410  22.4200   8.4885 4251597 131.8849  81.8109  1.90178149    17
S93409
1 93409U S93409   20016.00000000 0.00000000      0 0      0 0 0    11
2 93409  22.3678   7.4986 4627388 126.4039 213.7178  1.80344114    18
S93408
1 93408U S93408   20016.00000000 0.00000000      0 0      0 0 0    19
2 93408  22.4025   5.6583 4801568 136.8650 224.5921  1.85112258    18
S93407
1 93407U S93407   20016.00000000 0.00000000      0 0      0 0 0    17
2 93407  22.3226   8.3433 4344339 124.0082 338.9016  1.81109924    16
S93406
1 93406U S93406   20016.00000000 0.00000000      0 0      0 0 0    15
2 93406  22.1934 355.8973 4871166 153.2196 108.3352  1.95728758    10
S93405
1 93405U S93405   20016.00000000 0.00000000      0 0      0 0 0    13
2 93405  22.2824   7.4928 4210070 128.1421  13.9097  1.85808137    17
S93404
1 93404U S93404   20016.00000000 0.00000000      0 0      0 0 0    11
2 93404  22.2065   0.3737 4705396 142.6610 159.5698  1.90853605    14
S93403
1 93403U S93403   20016.00000000 0.00000000      0 0      0 0 0    19
2 93403  22.2911   1.1020 4831627 140.7251  11.6589  1.88477281    10
S93402
1 93402U S93402   20016.00000000 0.00000000      0 0      0 0 0    17
2 93402  22.3230   1.2895 4842308 140.4673 338.4540  1.88522876    16
S93401
1 93401U S93401   20016.00000000 0.00000000      0 0      0 0 0    15
2 93401  23.3511   9.4448 5203703 142.0442 278.1116  1.95805548    12
S93400
1 93400U S93400   20016.00000000 0.00000000      0 0      0 0 0    13
2 93400  22.2649 351.3112 5114226 158.1947   6.3385  1.94706579    19
S93399
1 93399U S93399   20016.00000000 0.00000000      0 0      0 0 0    17
2 93399  22.3933   5.1955 4820004 136.1879 210.0812  1.88015230    18
S93398
1 93398U S93398   20016.00000000 0.00000000      0 0      0 0 0    15
2 93398  22.2625   9.3770 4427760 120.5828 331.7943  1.77761770    19
S93396
1 93396U S93396   20016.00000000 0.00000000      0 0      0 0 0    11
2 93396  22.9179 358.4507 3965402 134.0726 269.2419  1.83738157    13
S93395
1 93395U S93395   20016.00000000 0.00000000      0 0      0 0 0    19
2 93395  22.7718  14.2626 4927914  77.6921 204.9122  1.41857386    11
S93393
1 93393U S93393   20016.00000000 0.00000000      0 0      0 0 0    15
2 93393  22.4322  11.1520 3200992 104.4583  55.1001  1.74535010    13
S93391
1 93391U S93391   20016.00000000 0.00000000      0 0      0 0 0    11
2 93391  22.3224 348.9183 5043950 159.7409 257.0510  1.94996112    12
S93390
1 93390U S93390   20016.00000000 0.00000000      0 0      0 0 0    19
2 93390  22.2016 359.8751 4453393 140.6995 260.3847  1.86111672    16
S93389
1 93389U S93389   20016.00000000 0.00000000      0 0      0 0 0    15
2 93389  24.3651 355.6928 1709108  66.7497 287.6420  1.78563808    14
S93388
1 93388U S93388   20016.00000000 0.00000000      0 0      0 0 0    13
2 93388  22.5082   4.9920 4826281 134.3229 275.8268  1.85080928    11
S93387
1 93387U S93387   20016.00000000 0.00000000      0 0      0 0 0    11
2 93387  22.2549 353.5235 5248811 155.3808  31.6842  1.92038149    13
S93386
1 93386U S93386   20016.00000000 0.00000000      0 0      0 0 0    19
2 93386  22.3386   2.7976 4801349 137.9160 193.5012  1.87603797    12
S93385
1 93385U S93385   20016.00000000 0.00000000      0 0      0 0 0    17
2 93385  22.2493 358.7589 4962446 146.2888 324.5798  1.91119326    11
S93384
1 93384U S93384   20016.00000000 0.00000000      0 0      0 0 0    15
2 93384  22.3473 359.5123 4941776 144.8013 258.8044  1.89562617    14
S93383
1 93383U S93383   20016.00000000 0.00000000      0 0      0 0 0    13
2 93383  22.2298   0.0451 4887302 145.2117 133.9743  1.91442326    19
S93382
1 93382U S93382   20016.00000000 0.00000000      0 0      0 0 0    11
2 93382  22.3725   7.5759 4690640 126.0534 285.7475  1.80105168    10
S93381
1 93381U S93381   20016.00000000 0.00000000      0 0      0 0 0    19
2 93381  22.8995   1.0589 5039750 144.9230  68.6615  1.88568713    16
S93380
1 93380U S93380   20016.00000000 0.00000000      0 0      0 0 0    17
2 93380  22.4850 359.9172 5411496 141.2105 205.9729  1.89623571    13
S93379
1 93379U S93379   20016.00000000 0.00000000      0 0      0 0 0    13
2 93379  22.1971   2.3054 4305546 135.8416 215.9115  1.88094926    16
S93378
1 93378U S93378   20016.00000000 0.00000000      0 0      0 0 0    11
2 93378  22.2019 349.1922 5323766 164.2868 313.9048  1.95553748    11
S93377
1 93377U S93377   20016.00000000 0.00000000      0 0      0 0 0    19
2 93377  22.2215 350.4670 5403167 163.8041  35.8575  1.95607548    18
S93376
1 93376U S93376   20016.00000000 0.00000000      0 0      0 0 0    17
2 93376  22.5741   1.7775 3740655 121.0394  49.0158  1.76919297    17
S93375
1 93375U S93375   20016.00000000 0.00000000      0 0      0 0 0    15
2 93375  22.2560   6.6598 4360591 128.9843 347.8478  1.86358293    10
S93374
1 93374U S93374   20016.00000000 0.00000000      0 0      0 0 0    13
2 93374  22.3745  25.3935 2224999  44.3325  88.0336  1.42035813    12
S93373
1 93373U S93373   20016.00000000 0.00000000      0 0      0 0 0    11
2 93373  22.3273   2.0728 4844360 137.2954 103.5120  1.85751925    11
S93372
1 93372U S93372   20016.00000000 0.00000000      0 0      0 0 0    19
2 93372  22.3648   4.9554 4435220 125.8538  69.9213  1.79344086    13
S93371
1 93371U S93371   20016.00000000 0.00000000      0 0      0 0 0    17
2 93371  22.3669   0.6027 4698529 137.5059 256.2606  1.85855955    10
S93370
1 93370U S93370   20016.00000000 0.00000000      0 0      0 0 0    15
2 93370  22.3357   1.8584 4899804 140.9114 269.5098  1.89041123    13
S93368
1 93368U S93368   20016.00000000 0.00000000      0 0      0 0 0    19
2 93368  22.8065 349.0927 5080226 153.1155 168.4213  1.97931378    16
S93367
1 93367U S93367   20016.00000000 0.00000000      0 0      0 0 0    17
2 93367  22.0084 354.9951 4747579 151.5632  12.5547  1.93999885    14
S93366
1 93366U S93366   20016.00000000 0.00000000      0 0      0 0 0    15
2 93366  22.2656 354.2925 5161330 156.2431 147.6786  1.95115248    19
S93365
1 93365U S93365   20016.00000000 0.00000000      0 0      0 0 0    13
2 93365  22.1015 356.4701 4562423 149.2392 346.4681  1.93916215    11
S93364
1 93364U S93364   20016.00000000 0.00000000      0 0      0 0 0    11
2 93364  22.2953   7.9644 4726462 125.5702 219.9200  1.79202801    17
S93363
1 93363U S93363   20016.00000000 0.00000000      0 0      0 0 0    19
2 93363  22.0996 350.6817 4839679 159.2159 337.0291  1.95655923    13
S93362
1 93362U S93362   20016.00000000 0.00000000      0 0      0 0 0    17
2 93362  22.2306   8.9329 4106519 119.7708   6.0194  1.79116200    18
S93361
1 93361U S93361   20016.00000000 0.00000000      0 0      0 0 0    15
2 93361  22.2847 356.6312 4876832 150.7849 280.2110  1.94618918    19
S93360
1 93360U S93360   20016.00000000 0.00000000      0 0      0 0 0    13
2 93360  22.2764 350.3624 5076236 159.3387 137.2575  1.95533625    14
S93359
1 93359U S93359   20016.00000000 0.00000000      0 0      0 0 0    19
2 93359  22.3538   4.7522 4558221 135.3293 216.2876  1.87641634    10
S93358
1 93358U S93358   20016.00000000 0.00000000      0 0      0 0 0    17
2 93358  22.3323   2.5185 4810107 138.7176 321.2892  1.88083449    13
S93357
1 93357U S93357   20016.00000000 0.00000000      0 0      0 0 0    15
2 93357  22.3069   5.3890 4739285 135.7630 275.3366  1.87947302    13
S93356
1 93356U S93356   20044.00000000 0.00000000      0 0      0 0 0    14
2 93356  22.0221   2.6571 4800863 131.1590 355.1253  1.76940386    16
S93355
1 93355U S93355   20044.00000000 0.00000000      0 0      0 0 0    12
2 93355  22.4434  10.9775 4706987 120.2988   5.0729  1.75721548    10
S93354
1 93354U S93354   20045.00000000 0.00000000      0 0      0 0 0    11
2 93354  22.2445 348.2107 5189178 164.7482 359.1616  1.95416752    13
S93353
1 93353U S93353   20045.00000000 0.00000000      0 0      0 0 0    19
2 93353  22.2737 351.8716 5115268 162.5225 127.6641  1.96902026    13
S93352
1 93352U S93352   20045.00000000 0.00000000      0 0      0 0 0    17
2 93352  22.5140   1.1715 4835547 139.5773 323.9212  1.84759950    15
S93351
1 93351U S93351   20046.00000000 0.00000000      0 0      0 0 0    16
2 93351  22.5066 359.2391 4590761 147.1916 121.7309  1.83962344    11
S93350
1 93350U S93350   20046.00000000 0.00000000      0 0      0 0 0    14
2 93350  22.1396   1.9245 4401350 141.8429  85.7992  1.93891227    15
S93349
1 93349U S93349   20046.00000000 0.00000000      0 0      0 0 0    10
2 93349  22.5453  11.7054 4796239 121.8758  69.6512  1.76781814    14
S93348
1 93348U S93348   20046.00000000 0.00000000      0 0      0 0 0    18
2 93348  22.4208   2.3594 3764471 142.4520 186.4409  1.97080816    13
S93347
1 93347U S93347   20048.00000000 0.00000000      0 0      0 0 0    18
2 93347  22.2341   1.1567 4800225 143.5347 208.7201  1.86680594    18
S93346
1 93346U S93346   20049.00000000 0.00000000      0 0      0 0 0    17
2 93346  22.0438 350.3774 4883442 159.5026 296.3670  1.95675252    12
S93345
1 93345U S93345   20049.00000000 0.00000000      0 0      0 0 0    15
2 93345  22.2136 357.3419 4595969 149.5567 205.8487  1.93832531    18
S93344
1 93344U S93344   20050.00000000 0.00000000      0 0      0 0 0    15
2 93344  22.2777   2.0499 4164044 123.3281 219.1175  1.77087861    11
S93343
1 93343U S93343   20050.00000000 0.00000000      0 0      0 0 0    13
2 93343  22.2009 359.4306 4476405 140.2178  62.9849  1.87544626    14
S93342
1 93342U S93342   20050.00000000 0.00000000      0 0      0 0 0    11
2 93342  22.2932 355.1362 4909751 149.1895 311.5278  1.88084000    17
S93341
1 93341U S93341   20050.00000000 0.00000000      0 0      0 0 0    19
2 93341  22.3397   0.5585 4762223 140.2771  86.6662  1.85454236    12
S93340
1 93340U S93340   20051.00000000 0.00000000      0 0      0 0 0    18
2 93340  22.1933   1.7903 4220559 127.8427 122.3310  1.84038017    14
S93339
1 93339U S93339   20051.00000000 0.00000000      0 0      0 0 0    14
2 93339  22.2296 348.3226 5150728 166.0083  51.0616  1.96823845    18
S93336
1 93336U S93336   20052.00000000 0.00000000      0 0      0 0 0    19
2 93336  22.1281 349.0394 5152881 168.4032 172.3889  1.97504257    17
S93335
1 93335U S93335   20052.00000000 0.00000000      0 0      0 0 0    17
2 93335  22.5529  13.1831 4650267 118.3529 235.8310  1.75465294    12
S93334
1 93334U S93334   20054.00000000 0.00000000      0 0      0 0 0    17
2 93334  22.3442   0.7344 4836995 141.5551 349.7732  1.86042634    15
S93333
1 93333U S93333   20054.00000000 0.00000000      0 0      0 0 0    15
2 93333  22.2013 347.7885 5184462 167.9865 183.1010  1.96777602    17
S93332
1 93332U S93332   20054.00000000 0.00000000      0 0      0 0 0    13
2 93332  22.3406   0.5249 4695455 143.7707  59.3907  1.85758195    19
S93331
1 93331U S93331   20055.00000000 0.00000000      0 0      0 0 0    12
2 93331  22.2317 346.0638 4882597 165.8206  57.1395  1.96428740    11
S93330
1 93330U S93330   20055.00000000 0.00000000      0 0      0 0 0    10
2 93330  22.3923   1.5945 4815811 140.6347 125.9301  1.85715355    10
S93329
1 93329U S93329   20056.00000000 0.00000000      0 0      0 0 0    17
2 93329  21.8367 359.6331 4482020 134.1473 151.5419  1.85749251    17
S93328
1 93328U S93328   20057.00000000 0.00000000      0 0      0 0 0    16
2 93328  22.3232   3.5239 3612341 129.2067  91.6125  1.85192280    11
S93327
1 93327U S93327   20057.00000000 0.00000000      0 0      0 0 0    14
2 93327  21.9367 345.5217 4799496 166.5450 322.5199  1.95691465    14
S93326
1 93326U S93326   20058.00000000 0.00000000      0 0      0 0 0    13
2 93326  22.3336 359.8514 4745668 142.1326  21.3931  1.85349966    19
S93325
1 93325U S93325   20058.00000000 0.00000000      0 0      0 0 0    11
2 93325  22.0991 348.4099 5028545 165.7576 209.6514  1.95954758    11
S93324
1 93324U S93324   20059.00000000 0.00000000      0 0      0 0 0    10
2 93324  23.2422 355.3805 5092535 138.7598 213.0871  1.85336158    10
S93323
1 93323U S93323   20059.00000000 0.00000000      0 0      0 0 0    18
2 93323  22.3226 359.1713 4807079 142.5867 213.9029  1.85269060    10
S93322
1 93322U S93322   20060.00000000 0.00000000      0 0      0 0 0    18
2 93322  22.3509 359.4048 4798677 142.7405  40.4744  1.85209944    12
S93321
1 93321U S93321   20061.00000000 0.00000000      0 0      0 0 0    17
2 93321  22.2769 353.7792 5086419 150.5566 258.1266  1.85164521    19
S93320
1 93320U S93320   20062.00000000 0.00000000      0 0      0 0 0    16
2 93320  22.3631   3.2171 4804303 137.7042 301.0736  1.85210542    15
S93319
1 93319U S93319   20062.00000000 0.00000000      0 0      0 0 0    12
2 93319  22.7122 355.0924 4866092 139.1307  46.3458  1.83288319    14
S93318
1 93318U S93318   20063.00000000 0.00000000      0 0      0 0 0    11
2 93318  22.6923   0.2613 4802031 139.9258  88.2781  1.83450233    11
S93317
1 93317U S93317   20063.00000000 0.00000000      0 0      0 0 0    19
2 93317  22.1209   3.4375 4282540 130.5762 291.8219  1.83247922    13
S93316
1 93316U S93316   20063.00000000 0.00000000      0 0      0 0 0    17
2 93316  22.0429   0.7192 4641885 134.6740  67.4102  1.83736994    14
S93315
1 93315U S93315   20063.00000000 0.00000000      0 0      0 0 0    15
2 93315  22.9247   7.3182 5129911 138.6575 208.1066  1.85906241    13
S93314
1 93314U S93314   20063.00000000 0.00000000      0 0      0 0 0    13
2 93314  22.2307   1.7681 4057149 127.3856 326.8745  1.82856212    14
S93313
1 93313U S93313   20063.00000000 0.00000000      0 0      0 0 0    11
2 93313  22.0930   0.9678 4857061 137.5794 152.4184  1.83372950    18
S93312
1 93312U S93312   20063.00000000 0.00000000      0 0      0 0 0    19
2 93312  22.3143 358.1882 5048103 142.4282 289.9128  1.81443024    11
S93311
1 93311U S93311   20063.00000000 0.00000000      0 0      0 0 0    17
2 93311  22.6609   3.6853 4662691 126.9538 353.9171  1.72708531    11
S93310
1 93310U S93310   20063.00000000 0.00000000      0 0      0 0 0    15
2 93310  22.0206 348.5979 5111455 165.6726 165.2372  1.92132984    16
S93309
1 93309U S93309   20063.00000000 0.00000000      0 0      0 0 0    11
2 93309  22.4624   1.0355 5254580 135.8597 110.6266  1.87066966    19
S93308
1 93308U S93308   20063.00000000 0.00000000      0 0      0 0 0    19
2 93308  22.3377 357.8004 4992431 146.3363  19.4983  1.86393331    16
S93307
1 93307U S93307   20063.00000000 0.00000000      0 0      0 0 0    17
2 93307  22.1533 349.9999 4443850 155.6980 212.2264  1.94605414    18
S93304
1 93304U S93304   20063.00000000 0.00000000      0 0      0 0 0    11
2 93304  22.1656 359.3029 4484260 144.0057 257.9570  1.83664367    13
S93303
1 93303U S93303   20063.00000000 0.00000000      0 0      0 0 0    19
2 93303  22.6743  25.4064 3992239  82.7853 358.9282  1.53689054    14
S93302
1 93302U S93302   20063.00000000 0.00000000      0 0      0 0 0    17
2 93302  22.1839 351.0770 5079176 149.4884 173.1656  1.96169628    18
S93301
1 93301U S93301   20063.00000000 0.00000000      0 0      0 0 0    15
2 93301  22.7950  27.4627 3671635  74.3295 282.7258  1.53691516    14
S93300
1 93300U S93300   20063.00000000 0.00000000      0 0      0 0 0    13
2 93300  22.2459 351.6614 5119015 161.7583  20.4518  1.94041795    11
S93299
1 93299U S93299   20063.00000000 0.00000000      0 0      0 0 0    17
2 93299  22.3114 357.1456 4882158 147.8829 339.1762  1.87864779    12
S93298
1 93298U S93298   20063.00000000 0.00000000      0 0      0 0 0    15
2 93298  22.2049   2.4974 4469959 141.9614 202.8656  1.87953427    16
S93297
1 93297U S93297   20063.00000000 0.00000000      0 0      0 0 0    13
2 93297  22.2385 350.1118 5093713 162.1194 148.2976  1.91886177    11
S93296
1 93296U S93296   20063.00000000 0.00000000      0 0      0 0 0    11
2 93296  22.3721 359.3115 3227906 110.5795  13.6117  1.86439966    14
S93295
1 93295U S93295   20063.00000000 0.00000000      0 0      0 0 0    19
2 93295  22.1997 349.5076 5253329 161.5350 245.0797  1.96196355    14
S93294
1 93294U S93294   20063.00000000 0.00000000      0 0      0 0 0    17
2 93294  22.2818  17.4359 4147490  98.3994 185.1685  1.61574057    13
S93293
1 93293U S93293   20063.00000000 0.00000000      0 0      0 0 0    15
2 93293  22.3115   0.8430 5133439 140.6135 231.5425  1.77396443    12
S93292
1 93292U S93292   20063.00000000 0.00000000      0 0      0 0 0    13
2 93292  22.2385   2.9522 4346657 125.9836  50.2441  1.77710351    17
S93291
1 93291U S93291   20063.00000000 0.00000000      0 0      0 0 0    11
2 93291  22.1384 350.0139 4901657 161.9296  42.6992  1.95062972    17
S93290
1 93290U S93290   20063.00000000 0.00000000      0 0      0 0 0    19
2 93290  22.3879   0.2832 4487131 135.4836  17.1401  1.81233360    11
S93289
1 93289U S93289   20063.00000000 0.00000000      0 0      0 0 0    15
2 93289  22.2278   2.3108 3961143 125.6151 171.0993  1.83204339    12
S93288
1 93288U S93288   20063.00000000 0.00000000      0 0      0 0 0    13
2 93288  22.1970 344.4573 5089426 170.3368 359.3963  1.96230931    18
S93287
1 93287U S93287   20063.00000000 0.00000000      0 0      0 0 0    11
2 93287  22.6537  19.7941 3753288 111.5333 335.1155  1.74026826    10
S93286
1 93286U S93286   20063.00000000 0.00000000      0 0      0 0 0    19
2 93286  22.6405   3.4946 4906569 143.8520 155.2904  1.90618842    13
S93285
1 93285U S93285   20063.00000000 0.00000000      0 0      0 0 0    17
2 93285  22.1328 351.0379 4599161 161.2112 126.7958  1.95377129    17
S93284
1 93284U S93284   20063.00000000 0.00000000      0 0      0 0 0    15
2 93284  23.1590  24.8150 3622584  60.0802 183.6915  1.37441075    10
S93283
1 93283U S93283   20063.00000000 0.00000000      0 0      0 0 0    13
2 93283  22.3222 359.1319 4805472 142.4854  56.6397  1.85297352    18
S93282
1 93282U S93282   20063.00000000 0.00000000      0 0      0 0 0    11
2 93282  22.2089 359.3395 4195863 130.5992  66.7784  1.83081728    18
S93281
1 93281U S93281   20063.00000000 0.00000000      0 0      0 0 0    19
2 93281  22.2899 358.0314 4973402 144.3035 278.3267  1.83512912    18
S93280
1 93280U S93280   20063.00000000 0.00000000      0 0      0 0 0    17
2 93280  22.3391 359.8662 4746154 140.1455  40.0927  1.83658637    14
S93279
1 93279U S93279   20063.00000000 0.00000000      0 0      0 0 0    13
2 93279  21.9724 356.5995 4928663 150.6377 238.4553  1.86976033    10
S93278
1 93278U S93278   20063.00000000 0.00000000      0 0      0 0 0    11
2 93278  22.3246 355.7532 4732022 147.2715  76.5650  1.87323405    10
S93277
1 93277U S93277   20063.00000000 0.00000000      0 0      0 0 0    19
2 93277  22.3141   4.6787 4495926 133.1095 321.8651  1.84195197    18
S93276
1 93276U S93276   20063.00000000 0.00000000      0 0      0 0 0    17
2 93276  22.1829 356.4420 4834545 141.5050  41.4757  1.81759297    14
S93275
1 93275U S93275   20063.00000000 0.00000000      0 0      0 0 0    15
2 93275  22.2731 354.0788 5064371 155.5590 264.7630  1.90680327    11
S93273
1 93273U S93273   20063.00000000 0.00000000      0 0      0 0 0    11
2 93273  21.9424 355.6620 6349697 149.7946 298.9936  1.84086345    15
S93272
1 93272U S93272   20063.00000000 0.00000000      0 0      0 0 0    19
2 93272  22.4483   6.1584 4714081 132.4444 155.0525  1.82077612    17
S93271
1 93271U S93271   20063.00000000 0.00000000      0 0      0 0 0    17
2 93271  22.3347 359.5458 4793446 141.6123 192.4673  1.84490400    12
S93270
1 93270U S93270   20063.00000000 0.00000000      0 0      0 0 0    15
2 93270  22.2591 352.2494 4936880 159.3427 321.9761  1.94159908    18
S93269
1 93269U S93269   20063.00000000 0.00000000      0 0      0 0 0    11
2 93269  22.2619 357.0046 4642335 143.1357 278.5159  1.85557550    18
S93268
1 93268U S93268   20063.00000000 0.00000000      0 0      0 0 0    19
2 93268  22.4526   6.2619 4229517 127.2195 187.5635  1.84467028    18
S93267
1 93267U S93267   20063.00000000 0.00000000      0 0      0 0 0    17
2 93267  22.2314   0.0081 4510802 137.5351 218.2238  1.84922947    10
S93266
1 93266U S93266   20063.00000000 0.00000000      0 0      0 0 0    15
2 93266  22.2240 343.9765 5168461 169.4602 269.7511  1.94165564    19
S93265
1 93265U S93265   20063.00000000 0.00000000      0 0      0 0 0    13
2 93265  22.3242 359.0714 4790921 142.9979 270.7771  1.85602564    13
S93264
1 93264U S93264   20063.00000000 0.00000000      0 0      0 0 0    11
2 93264  22.4850   3.8444 4342384 129.7827 207.1480  1.84498158    15
S93263
1 93263U S93263   20063.00000000 0.00000000      0 0      0 0 0    19
2 93263  22.1102 351.3276 4741531 157.6956 193.2157  1.93896834    14
S93262
1 93262U S93262   20063.00000000 0.00000000      0 0      0 0 0    17
2 93262  22.2816 354.3545 4796657 154.0048 152.5697  1.92147651    12
S93261
1 93261U S93261   20063.00000000 0.00000000      0 0      0 0 0    15
2 93261  22.2897   1.9106 4331273 134.2911  73.7796  1.85679100    11
S93260
1 93260U S93260   20063.00000000 0.00000000      0 0      0 0 0    13
2 93260  22.1560 351.8888 5001839 158.2480 117.7514  1.91895342    12
S93259
1 93259U S93259   20063.00000000 0.00000000      0 0      0 0 0    19
2 93259  22.3296 359.4343 4864941 141.3119 196.2639  1.84697545    17
S93258
1 93258U S93258   20063.00000000 0.00000000      0 0      0 0 0    17
2 93258  22.0570 350.2391 4589970 159.0281  33.7981  1.95086932    11
S93257
1 93257U S93257   20063.00000000 0.00000000      0 0      0 0 0    15
2 93257  22.3087 353.6421 5059427 157.6922 304.0696  1.92303572    19
S93256
1 93256U S93256   20063.00000000 0.00000000      0 0      0 0 0    13
2 93256  23.1623  18.1019 3056613  34.7970  64.1997  1.48346839    11
S93255
1 93255U S93255   20063.00000000 0.00000000      0 0      0 0 0    11
2 93255  22.3575   3.4028 4744933 134.9960 125.4510  1.82031320    12
S93254
1 93254U S93254   20063.00000000 0.00000000      0 0      0 0 0    19
2 93254  22.3501   1.0264 4691761 137.3240 300.2926  1.82357156    16
S93253
1 93253U S93253   20063.00000000 0.00000000      0 0      0 0 0    17
2 93253  22.2876   2.3560 4411166 131.7569  22.5024  1.81808729    12
S93252
1 93252U S93252   20063.00000000 0.00000000      0 0      0 0 0    15
2 93252  22.3434   3.2780 4533025 129.8436   5.9532  1.82153445    14
S93251
1 93251U S93251   20063.00000000 0.00000000      0 0      0 0 0    13
2 93251  22.2114 347.8482 5182599 168.1264  22.2801  1.96009211    12
S93250
1 93250U S93250   20063.00000000 0.00000000      0 0      0 0 0    11
2 93250  22.3712   7.8254 3784686 122.9609  56.0907  1.80896954    13
S93249
1 93249U S93249   20063.00000000 0.00000000      0 0      0 0 0    17
2 93249  22.1527 353.8052 4690388 153.6289 313.2015  1.92883439    19
S93248
1 93248U S93248   20063.00000000 0.00000000      0 0      0 0 0    15
2 93248  22.5084   7.9757 4829351 129.1172 131.7425  1.79342704    10
S93246
1 93246U S93246   20063.00000000 0.00000000      0 0      0 0 0    11
2 93246  22.6193  15.7647 4396380  64.9596 261.7720  1.39769868    14
S93245
1 93245U S93245   20063.00000000 0.00000000      0 0      0 0 0    19
2 93245  22.6347 356.5473 4400871 135.5199 256.7752  1.78506890    18
S93244
1 93244U S93244   20063.00000000 0.00000000      0 0      0 0 0    17
2 93244  22.5536 341.4861 4978915 166.4991 324.5492  1.91634067    10
S93243
1 93243U S93243   20063.00000000 0.00000000      0 0      0 0 0    15
2 93243  22.2050 346.5825 5098872 167.2095  55.0922  1.95123999    18
S93242
1 93242U S93242   20063.00000000 0.00000000      0 0      0 0 0    13
2 93242  22.0484 344.9199 5437101 167.6551 227.0569  1.95043537    12
S93241
1 93241U S93241   20063.00000000 0.00000000      0 0      0 0 0    11
2 93241  22.2416 351.7449 5086810 159.5304 157.6391  1.92066777    14
S93240
1 93240U S93240   20063.00000000 0.00000000      0 0      0 0 0    19
2 93240  22.4891 352.3311 4780335 157.9908 225.4686  1.94757362    11
S93237
1 93237U S93237   20063.00000000 0.00000000      0 0      0 0 0    11
2 93237  22.4021   8.4756 3945470 126.3923 165.0679  1.81928472    12
S93236
1 93236U S93236   20063.00000000 0.00000000      0 0      0 0 0    19
2 93236  22.2420 344.5801 4893541 165.0906 249.5462  1.93052154    16
S93235
1 93235U S93235   20063.00000000 0.00000000      0 0      0 0 0    17
2 93235  22.3454 358.3246 4756173 141.4352  30.3236  1.83487276    12
S93234
1 93234U S93234   20063.00000000 0.00000000      0 0      0 0 0    15
2 93234  23.0094 341.1359 4400016 163.3888 214.6480  1.93872258    10
S93233
1 93233U S93233   20063.00000000 0.00000000      0 0      0 0 0    13
2 93233  22.1705 352.2781 4860426 160.5324 315.8658  1.93395559    14
S93232
1 93232U S93232   20063.00000000 0.00000000      0 0      0 0 0    11
2 93232  22.1453 336.2861 5535351 194.5841 341.2589  2.05889639    19
S93231
1 93231U S93231   20063.00000000 0.00000000      0 0      0 0 0    19
2 93231  21.7050 353.1989 5002804 152.4125 102.9670  1.91146793    19
S93230
1 93230U S93230   20063.00000000 0.00000000      0 0      0 0 0    17
2 93230  22.3855   4.6978 4664061 129.4254 273.9044  1.77802776    17
S93229
1 93229U S93229   20063.00000000 0.00000000      0 0      0 0 0    13
2 93229  22.3514   0.3958 4715682 134.6406 133.8178  1.84271309    13
S93228
1 93228U S93228   20063.00000000 0.00000000      0 0      0 0 0    11
2 93228  22.4001   4.1184 4808053 134.8616 152.9679  1.81736902    17
S93227
1 93227U S93227   20063.00000000 0.00000000      0 0      0 0 0    19
2 93227  22.3203 355.4900 4114957 128.8951 133.9396  1.77160133    12
S93226
1 93226U S93226   20063.00000000 0.00000000      0 0      0 0 0    17
2 93226  22.4749 351.2604 5188723 160.4677 279.3332  1.92555511    12
S93225
1 93225U S93225   20063.00000000 0.00000000      0 0      0 0 0    15
2 93225  22.2724 346.9399 4984119 163.6272  62.7679  1.93310933    18
S93224
1 93224U S93224   20063.00000000 0.00000000      0 0      0 0 0    13
2 93224  22.1551 351.7720 4720759 156.4650 342.1256  1.93611424    19
S93223
1 93223U S93223   20063.00000000 0.00000000      0 0      0 0 0    11
2 93223  22.1145 350.3079 4968724 160.4950  99.3003  1.93011662    12
S93222
1 93222U S93222   20063.00000000 0.00000000      0 0      0 0 0    19
2 93222  22.4185 357.4910 5043995 153.5825 231.6060  1.92497491    10
S93221
1 93221U S93221   20063.00000000 0.00000000      0 0      0 0 0    17
2 93221  22.7437   6.2395 4864091 140.9109 342.7732  1.90063661    16
S93220
1 93220U S93220   20063.00000000 0.00000000      0 0      0 0 0    15
2 93220  22.1586 356.5224 4895146 151.1301 291.3694  1.96563296    10
S93219
1 93219U S93219   20063.00000000 0.00000000      0 0      0 0 0    11
2 93219  22.1026 349.7999 4935888 164.2027 274.4199  1.93764870    18
S93218
1 93218U S93218   20063.00000000 0.00000000      0 0      0 0 0    19
2 93218  22.0681 351.0874 4540580 156.5097 299.8809  1.94699688    17
S93217
1 93217U S93217   20063.00000000 0.00000000      0 0      0 0 0    17
2 93217  22.1912 354.6426 4584378 152.0278 258.5754  1.93525856    16
S93216
1 93216U S93216   20063.00000000 0.00000000      0 0      0 0 0    15
2 93216  22.2764 357.0758 4543468 139.5156 181.3060  1.83516027    18
S93215
1 93215U S93215   20063.00000000 0.00000000      0 0      0 0 0    13
2 93215  22.1927 354.4649 4830809 152.8482 326.3231  1.91214219    13
S93214
1 93214U S93214   20063.00000000 0.00000000      0 0      0 0 0    11
2 93214  22.5462 359.0863 4866128 148.5059  61.8298  1.92362595    10
S93213
1 93213U S93213   20063.00000000 0.00000000      0 0      0 0 0    19
2 93213  22.2589   6.1801 4323346 121.7418  39.2707  1.78307677    18
S93212
1 93212U S93212   20063.00000000 0.00000000      0 0      0 0 0    17
2 93212  22.0738 350.4827 4860512 159.0862 200.7341  1.92928175    19
S93211
1 93211U S93211   20063.00000000 0.00000000      0 0      0 0 0    15
2 93211  22.1678 347.6701 5720493 167.2455 149.2097  1.95783059    12
S93210
1 93210U S93210   20063.00000000 0.00000000      0 0      0 0 0    13
2 93210  22.2665   6.0825 4040350 119.2395 137.8113  1.78341550    16
S93209
1 93209U S93209   20063.00000000 0.00000000      0 0      0 0 0    19
2 93209  22.3038 346.4366 4945013 164.2976 162.4684  1.93554363    17
S93208
1 93208U S93208   20063.00000000 0.00000000      0 0      0 0 0    17
2 93208  22.1964 358.4687 4391578 136.0145 116.2611  1.83917932    18
S93207
1 93207U S93207   20063.00000000 0.00000000      0 0      0 0 0    15
2 93207  22.3376 356.4786 4989480 153.4336 121.2796  1.92673145    19
S93206
1 93206U S93206   20063.00000000 0.00000000      0 0      0 0 0    13
2 93206  22.5074 356.8091 4095493 140.8692  22.6068  1.83732383    11
S93205
1 93205U S93205   20063.00000000 0.00000000      0 0      0 0 0    11
2 93205  22.9920 346.8256 5459182 171.1118 288.2396  1.94834857    11
S93204
1 93204U S93204   20063.00000000 0.00000000      0 0      0 0 0    19
2 93204  22.2424 351.5334 5105587 160.1264  47.1076  1.92366170    12
S93203
1 93203U S93203   20063.00000000 0.00000000      0 0      0 0 0    17
2 93203  22.2286 347.3068 5036696 164.1284 343.8653  1.93500085    17
S93202
1 93202U S93202   20063.00000000 0.00000000      0 0      0 0 0    15
2 93202  22.3646 354.3492 5166172 158.3078  95.6747  1.92369924    15
S93201
1 93201U S93201   20063.00000000 0.00000000      0 0      0 0 0    13
2 93201  22.3806   4.8618 4601756 129.5060 154.4896  1.76973024    14
S93200
1 93200U S93200   20063.00000000 0.00000000      0 0      0 0 0    11
2 93200  22.2658 352.3873 4976083 156.3486  56.7860  1.90754858    12
S93199
1 93199U S93199   20063.00000000 0.00000000      0 0      0 0 0    15
2 93199  22.3923   1.6390 4801963 142.7453 145.7947  1.87720021    16
S93198
1 93198U S93198   20063.00000000 0.00000000      0 0      0 0 0    13
2 93198  22.2151   1.6401 4671542 140.8177 234.6600  1.83358204    10
S93197
1 93197U S93197   20063.00000000 0.00000000      0 0      0 0 0    11
2 93197  22.4124   3.6008 4198433 131.4722 319.4770  1.78831314    13
S93196
1 93196U S93196   20063.00000000 0.00000000      0 0      0 0 0    19
2 93196  22.7312   6.3172 4850800 140.5994 266.4525  1.89955332    19
S93195
1 93195U S93195   20063.00000000 0.00000000      0 0      0 0 0    17
2 93195  21.7667   5.1177 4130493 141.5616 219.2584  1.88701756    12
S93194
1 93194U S93194   20063.00000000 0.00000000      0 0      0 0 0    15
2 93194  22.2510 358.7915 4535464 144.1192 356.7404  1.89516202    15
S93193
1 93193U S93193   20063.00000000 0.00000000      0 0      0 0 0    13
2 93193  21.8509   7.6854 3478803 122.9937 169.2206  1.80466263    11
S93192
1 93192U S93192   20063.00000000 0.00000000      0 0      0 0 0    11
2 93192  22.2129 358.9876 4519928 140.8892 358.0608  1.87028318    19
S93191
1 93191U S93191   20063.00000000 0.00000000      0 0      0 0 0    19
2 93191  22.2578   0.3464 4535715 140.3069 337.2763  1.87119834    15
S93190
1 93190U S93190   20063.00000000 0.00000000      0 0      0 0 0    17
2 93190  22.2979 359.6865 4822365 144.7688 135.6610  1.87326178    11
S93189
1 93189U S93189   20063.00000000 0.00000000      0 0      0 0 0    13
2 93189  22.1947 345.2410 5081550 169.0961 270.2086  1.95778944    12
S93188
1 93188U S93188   20063.00000000 0.00000000      0 0      0 0 0    11
2 93188  22.5519  12.2666 4643198 120.3707 312.6982  1.75816845    10
S93187
1 93187U S93187   20063.00000000 0.00000000      0 0      0 0 0    19
2 93187  22.2113 345.2809 5215007 176.7922 100.6597  2.01673749    14
S93186
1 93186U S93186   20063.00000000 0.00000000      0 0      0 0 0    17
2 93186  22.8731   3.3841 5143445 147.9670 318.0264  1.91464177    16
S93185
1 93185U S93185   20063.00000000 0.00000000      0 0      0 0 0    15
2 93185  22.2846   3.6521 4437163 127.4085 161.6973  1.78420385    16
S93184
1 93184U S93184   20063.00000000 0.00000000      0 0      0 0 0    13
2 93184  22.6564 359.1845 4979692 139.9753  95.0536  1.87974558    13
S93183
1 93183U S93183   20063.00000000 0.00000000      0 0      0 0 0    11
2 93183  22.5257 350.2789 4911763 156.4444 177.5704  1.88996293    19
S93182
1 93182U S93182   20063.00000000 0.00000000      0 0      0 0 0    19
2 93182  22.3459 353.5027 5038800 152.1141 249.6710  1.86651229    14
S93181
1 93181U S93181   20063.00000000 0.00000000      0 0      0 0 0    17
2 93181  22.4358 359.8861 4740873 143.6647 144.7424  1.86632586    14
S93180
1 93180U S93180   20063.00000000 0.00000000      0 0      0 0 0    15
2 93180  22.3234   4.2279 3793058 114.1912  27.7682  1.78222425    13
S93179
1 93179U S93179   20063.00000000 0.00000000      0 0      0 0 0    11
2 93179  22.2123 353.4185 4827355 156.0482 311.1853  1.93398646    14
S93178
1 93178U S93178   20063.00000000 0.00000000      0 0      0 0 0    19
2 93178  22.8251 358.0820 5241522 154.4442  52.4510  1.89699312    17
S93177
1 93177U S93177   20063.00000000 0.00000000      0 0      0 0 0    17
2 93177  22.3437 358.4790 4998885 138.4290 295.3554  1.77790637    15
S93176
1 93176U S93176   20063.00000000 0.00000000      0 0      0 0 0    15
2 93176  22.2992 356.3924 4809163 150.3408 285.4965  1.90356182    13
S93175
1 93175U S93175   20063.00000000 0.00000000      0 0      0 0 0    13
2 93175  22.9183 354.3121 5595382 154.0925 347.5952  1.88911872    15
S93174
1 93174U S93174   20063.00000000 0.00000000      0 0      0 0 0    11
2 93174  22.2772 358.3798 4794310 144.7640  45.8762  1.86189373    14
S93173
1 93173U S93173   20063.00000000 0.00000000      0 0      0 0 0    19
2 93173  22.4025   4.0559 4649434 137.2865 204.9620  1.85588301    12
S93172
1 93172U S93172   20063.00000000 0.00000000      0 0      0 0 0    17
2 93172  22.3527  13.6424 2834434 104.3630 331.2321  1.68248681    10
S93171
1 93171U S93171   20063.00000000 0.00000000      0 0      0 0 0    15
2 93171  22.2772   1.2342 4534448 138.4499  48.8012  1.84430944    18
S93170
1 93170U S93170   20063.00000000 0.00000000      0 0      0 0 0    13
2 93170  22.3386   0.0656 4774156 140.3905 119.1140  1.83897558    11
S93169
1 93169U S93169   20063.00000000 0.00000000      0 0      0 0 0    19
2 93169  22.4500   4.2960 4537228 139.6883 200.6747  1.90862834    11
S93167
1 93167U S93167   20063.00000000 0.00000000      0 0      0 0 0    15
2 93167  22.3141 356.9792 4570383 144.9228  87.9253  1.89981348    18
S93166
1 93166U S93166   20063.00000000 0.00000000      0 0      0 0 0    13
2 93166  22.1139 350.8153 4925679 159.2599 186.6182  1.92665231    10
S93165
1 93165U S93165   20063.00000000 0.00000000      0 0      0 0 0    11
2 93165  22.4932   9.6858 4703963 124.4537 105.1390  1.77160473    18
S93164
1 93164U S93164   20063.00000000 0.00000000      0 0      0 0 0    19
2 93164  22.4992   9.4609 4760068 124.0257 102.2894  1.76227937    14
S93163
1 93163U S93163   20063.00000000 0.00000000      0 0      0 0 0    17
2 93163  22.3709   2.2476 4728450 139.3373  73.5683  1.85327075    18
S93162
1 93162U S93162   20063.00000000 0.00000000      0 0      0 0 0    15
2 93162  22.3462 357.5858 4976261 151.3938 290.1956  1.90722402    18
S93161
1 93161U S93161   20063.00000000 0.00000000      0 0      0 0 0    13
2 93161  22.3137 359.6146 4637706 146.9816  79.8215  1.92955924    11
S93160
1 93160U S93160   20063.00000000 0.00000000      0 0      0 0 0    11
2 93160  22.2244 358.6806 4498256 146.9877 304.3958  1.90216130    19
S93159
1 93159U S93159   20063.00000000 0.00000000      0 0      0 0 0    17
2 93159  22.3958 357.6906 4948176 149.0277 133.9319  1.88777796    13
S93158
1 93158U S93158   20063.00000000 0.00000000      0 0      0 0 0    15
2 93158  22.6078   1.9621 4967011 143.6733 279.4227  1.91018830    12
S93157
1 93157U S93157   20063.00000000 0.00000000      0 0      0 0 0    13
2 93157  22.4449   9.5622 4541963 122.8880 124.2220  1.76623983    16
S93156
1 93156U S93156   20063.00000000 0.00000000      0 0      0 0 0    11
2 93156  22.2652 350.3585 4904653 148.2947  23.9724  1.90127157    11
S93155
1 93155U S93155   20063.00000000 0.00000000      0 0      0 0 0    19
2 93155  22.3860   2.9889 4617476 130.2560  35.9562  1.77015518    10
S93154
1 93154U S93154   20063.00000000 0.00000000      0 0      0 0 0    17
2 93154  22.1377 359.5156 4604436 141.2829 301.5670  1.88698988    12
S93153
1 93153U S93153   20063.00000000 0.00000000      0 0      0 0 0    15
2 93153  22.2293 359.7082 4102839 135.2072  51.3996  1.87941301    12
S93152
1 93152U S93152   20063.00000000 0.00000000      0 0      0 0 0    13
2 93152  22.3173 359.3824 4863216 143.5541  56.4523  1.85837094    18
S93151
1 93151U S93151   20063.00000000 0.00000000      0 0      0 0 0    11
2 93151  22.3193 358.4598 4836864 144.8745 165.7876  1.86473643    18
S93150
1 93150U S93150   20063.00000000 0.00000000      0 0      0 0 0    19
2 93150  23.7459  14.3581 2295583  29.1637 343.6788  1.66494409    17
S93149
1 93149U S93149   20063.00000000 0.00000000      0 0      0 0 0    15
2 93149  22.3144 355.3745 5033840 153.7337 231.0582  1.90698599    16
S93148
1 93148U S93148   20063.00000000 0.00000000      0 0      0 0 0    13
2 93148  22.3060 357.0206 4812811 152.5929 260.5781  1.93048758    16
S93147
1 93147U S93147   20063.00000000 0.00000000      0 0      0 0 0    11
2 93147  22.3897   2.2269 4832416 141.3608 287.8272  1.86515776    12
S93146
1 93146U S93146   20063.00000000 0.00000000      0 0      0 0 0    19
2 93146  22.4393 358.7337 3848547 125.8030 231.3810  1.85629461    13
S93145
1 93145U S93145   20063.00000000 0.00000000      0 0      0 0 0    17
2 93145  22.2261 349.3911 5093860 162.6055 232.8760  1.93235772    13
S93144
1 93144U S93144   20063.00000000 0.00000000      0 0      0 0 0    15
2 93144  22.3273 358.9024 4781188 142.9577 193.6689  1.85396382    13
S93143
1 93143U S93143   20063.00000000 0.00000000      0 0      0 0 0    13
2 93143  22.2762 354.3014 4902170 156.2610 213.3936  1.93236978    13
S93142
1 93142U S93142   20063.00000000 0.00000000      0 0      0 0 0    11
2 93142  22.2601 353.4632 4995376 157.5966 309.1743  1.93055019    13
S93141
1 93141U S93141   20063.00000000 0.00000000      0 0      0 0 0    19
2 93141  22.1251 350.5802 4832535 157.8867  11.4058  1.92393595    14
S93140
1 93140U S93140   20063.00000000 0.00000000      0 0      0 0 0    17
2 93140  22.2412 347.0359 5152791 164.0023 222.5663  1.91612335    17
S93139
1 93139U S93139   20063.00000000 0.00000000      0 0      0 0 0    13
2 93139  22.2884 354.6319 4972942 151.5842 135.4958  1.88276152    13
S93138
1 93138U S93138   20063.00000000 0.00000000      0 0      0 0 0    11
2 93138  22.4518  13.6351 4222384 109.2323 173.2178  1.69199385    13
S93136
1 93136U S93136   20063.00000000 0.00000000      0 0      0 0 0    17
2 93136  22.2957 357.2158 4765035 143.5685  13.2763  1.84319973    12
S93135
1 93135U S93135   20063.00000000 0.00000000      0 0      0 0 0    15
2 93135  22.3739   2.3111 4778154 138.9787 336.4323  1.84592904    13
S93134
1 93134U S93134   20063.00000000 0.00000000      0 0      0 0 0    13
2 93134  22.4187   0.6731 5022083 146.7280  48.0341  1.87363276    15
S93133
1 93133U S93133   20063.00000000 0.00000000      0 0      0 0 0    11
2 93133  21.0380 356.5535 5797439 145.2078 144.4029  1.87270420    14
S93132
1 93132U S93132   20063.00000000 0.00000000      0 0      0 0 0    19
2 93132  22.4910   9.2589 4538600 127.4617 106.5524  1.81333114    14
S93131
1 93131U S93131   20063.00000000 0.00000000      0 0      0 0 0    17
2 93131  22.2653 353.7340 5045260 156.4132 305.4434  1.91643991    15
S93129
1 93129U S93129   20063.00000000 0.00000000      0 0      0 0 0    11
2 93129  22.3928   1.4821 4695760 141.1956 197.4084  1.87107178    16
S93128
1 93128U S93128   20063.00000000 0.00000000      0 0      0 0 0    19
2 93128  22.2504 357.4467 4581554 142.6032  72.0814  1.86937720    12
S93127
1 93127U S93127   20063.00000000 0.00000000      0 0      0 0 0    17
2 93127  22.2696 358.4494 4842856 146.2748 353.1489  1.89411985    17
S93126
1 93126U S93126   20063.00000000 0.00000000      0 0      0 0 0    15
2 93126  22.3047   2.7663 4501371 138.5113 248.2737  1.88256708    17
S93125
1 93125U S93125   20063.00000000 0.00000000      0 0      0 0 0    13
2 93125  22.1283 354.5535 4863947 150.8837 157.9579  1.88727371    11
S93124
1 93124U S93124   20063.00000000 0.00000000      0 0      0 0 0    11
2 93124  22.3088 357.6882 4778968 147.2707 192.5730  1.88665022    16
S93123
1 93123U S93123   20063.00000000 0.00000000      0 0      0 0 0    19
2 93123  21.6605 345.3121 5680215 160.7115  90.6334  1.91605981    13
S93122
1 93122U S93122   20063.00000000 0.00000000      0 0      0 0 0    17
2 93122  22.5605 357.9837 4079435 150.3711  56.4523  1.89587545    19
S93121
1 93121U S93121   20063.00000000 0.00000000      0 0      0 0 0    15
2 93121  22.2778 352.2896 4938814 155.1275 104.7300  1.90076451    13
S93120
1 93120U S93120   20063.00000000 0.00000000      0 0      0 0 0    13
2 93120  22.2975 357.4813 4799249 146.3262 341.2415  1.87734678    15
S93119
1 93119U S93119   20063.00000000 0.00000000      0 0      0 0 0    19
2 93119  22.2878 351.3642 5057215 155.7211 286.2463  1.89264847    16
S93118
1 93118U S93118   20063.00000000 0.00000000      0 0      0 0 0    17
2 93118  22.4102   3.2385 4581548 141.8079 330.5658  1.90032346    10
S93117
1 93117U S93117   20063.00000000 0.00000000      0 0      0 0 0    15
2 93117  22.3736   0.5203 4815599 145.1564 182.7596  1.89005820    15
S93116
1 93116U S93116   20063.00000000 0.00000000      0 0      0 0 0    13
2 93116  22.0854   0.2508 4706691 142.6466 124.1854  1.89330534    12
S93115
1 93115U S93115   20063.00000000 0.00000000      0 0      0 0 0    11
2 93115  22.3186 356.6622 4919896 150.2636 323.3562  1.89470810    15
S93114
1 93114U S93114   20063.00000000 0.00000000      0 0      0 0 0    19
2 93114  22.3243 357.9141 4832782 147.6550 313.8231  1.88729713    16
S93113
1 93113U S93113   20063.00000000 0.00000000      0 0      0 0 0    17
2 93113  22.2399 349.9876 5067646 160.2098  60.1849  1.91675971    17
S93112
1 93112U S93112   20063.00000000 0.00000000      0 0      0 0 0    15
2 93112  22.1811 351.6667 4829890 153.6125  74.2991  1.89342855    18
S93111
1 93111U S93111   20063.00000000 0.00000000      0 0      0 0 0    13
2 93111  22.6204 345.9272 5427829 150.1480   9.6656  1.88998845    14
S93109
1 93109U S93109   20063.00000000 0.00000000      0 0      0 0 0    17
2 93109  22.3391 358.7285 4897994 147.4076 142.3916  1.88596778    17
S93108
1 93108U S93108   20063.00000000 0.00000000      0 0      0 0 0    15
2 93108  22.4044   1.2837 4780917 143.6854 140.2847  1.88587600    17
S93107
1 93107U S93107   20063.00000000 0.00000000      0 0      0 0 0    13
2 93107  22.3938   1.3383 4740596 142.2125 153.4823  1.86992702    10
S93106
1 93106U S93106   20063.00000000 0.00000000      0 0      0 0 0    11
2 93106  22.3115 359.5816 4601599 146.2721 243.6943  1.87708251    10
S93105
1 93105U S93105   20063.00000000 0.00000000      0 0      0 0 0    19
2 93105  22.2839 354.3189 5008501 152.5483  33.9624  1.88572406    15
S93103
1 93103U S93103   20063.00000000 0.00000000      0 0      0 0 0    15
2 93103  22.2969   1.8885 4441716 136.2573 230.3013  1.86617992    14
S93102
1 93102U S93102   20063.00000000 0.00000000      0 0      0 0 0    13
2 93102  22.3071 356.4939 4857115 147.4326 108.6213  1.84491869    11
S93101
1 93101U S93101   20063.00000000 0.00000000      0 0      0 0 0    11
2 93101  22.3688 358.5426 4906872 148.7841 159.9139  1.89924919    17
S93100
1 93100U S93100   20063.00000000 0.00000000      0 0      0 0 0    19
2 93100  22.2764 358.7062 4220392 132.3229 104.7288  1.83260932    18
S93098
1 93098U S93098   20063.00000000 0.00000000      0 0      0 0 0    11
2 93098  22.2089 348.5187 5227255 161.9245 145.0640  1.89486168    18
S93097
1 93097U S93097   20063.00000000 0.00000000      0 0      0 0 0    19
2 93097  22.3289 358.1123 4827950 146.0289 148.7829  1.87369765    16
S93096
1 93096U S93096   20063.00000000 0.00000000      0 0      0 0 0    17
2 93096  22.3194 357.2005 4897552 149.5978 120.3279  1.89523428    12
S93095
1 93095U S93095   20063.00000000 0.00000000      0 0      0 0 0    15
2 93095  22.3050 356.5080 5039047 147.3630 337.9887  1.84960870    18
S93094
1 93094U S93094   20063.00000000 0.00000000      0 0      0 0 0    13
2 93094  22.3542   0.6123 4444340 142.8022 186.7478  1.91131693    15
S93093
1 93093U S93093   20063.00000000 0.00000000      0 0      0 0 0    11
2 93093  22.4141   2.4391 4734305 137.9026 159.7296  1.84226073    16
S93092
1 93092U S93092   20063.00000000 0.00000000      0 0      0 0 0    19
2 93092  22.4147   0.8328 4825308 145.3375 292.2923  1.88862174    19
S93091
1 93091U S93091   20063.00000000 0.00000000      0 0      0 0 0    17
2 93091  23.7552   6.4340 3367871  74.1434 147.2301  1.66869838    17
S93090
1 93090U S93090   20063.00000000 0.00000000      0 0      0 0 0    15
2 93090  22.3029 357.2426 4888452 148.3551 119.6376  1.88258503    10
S93089
1 93089U S93089   20063.00000000 0.00000000      0 0      0 0 0    11
2 93089  22.3355 356.4125 5109105 142.5656  72.6469  1.78767116    16
S93088
1 93088U S93088   20063.00000000 0.00000000      0 0      0 0 0    19
2 93088  22.3031   0.5845 4690068 138.8466 106.3294  1.83852099    13
S93087
1 93087U S93087   20063.00000000 0.00000000      0 0      0 0 0    17
2 93087  22.4991   9.7020 4534693 126.6859 336.9205  1.80952947    19
S93086
1 93086U S93086   20063.00000000 0.00000000      0 0      0 0 0    15
2 93086  22.3247 357.4365 4880565 149.0611 130.2032  1.89359042    12
S93085
1 93085U S93085   20063.00000000 0.00000000      0 0      0 0 0    13
2 93085  22.3350 359.0175 4848682 145.0496  95.7455  1.86975389    13
S93084
1 93084U S93084   20063.00000000 0.00000000      0 0      0 0 0    11
2 93084  22.4925  11.6455 4623677 119.9633 281.5474  1.75221754    15
S93082
1 93082U S93082   20063.00000000 0.00000000      0 0      0 0 0    17
2 93082  22.3491 353.1572 4926022 148.5442 249.8644  1.84510096    16
S93081
1 93081U S93081   20063.00000000 0.00000000      0 0      0 0 0    15
2 93081  22.3448 357.5844 4761420 142.4192 243.5289  1.83783073    13
S93080
1 93080U S93080   20063.00000000 0.00000000      0 0      0 0 0    13
2 93080  22.1923   3.3276 3848896 128.3316 161.9649  1.81788927    10
S93079
1 93079U S93079   20063.00000000 0.00000000      0 0      0 0 0    19
2 93079  22.3080 357.2306 4723233 147.8772  51.5235  1.89306088    16
S93077
1 93077U S93077   20063.00000000 0.00000000      0 0      0 0 0    15
2 93077  22.3386 358.7093 4781114 144.9482  20.9720  1.87302138    19
S93076
1 93076U S93076   20063.00000000 0.00000000      0 0      0 0 0    13
2 93076  22.3333 358.0667 4990168 148.2759 153.1913  1.87916452    18
S93075
1 93075U S93075   20063.00000000 0.00000000      0 0      0 0 0    11
2 93075  22.3111 357.1837 5036949 144.6488 154.4953  1.82990282    14
S93074
1 93074U S93074   20063.00000000 0.00000000      0 0      0 0 0    19
2 93074  22.3364 358.3770 5026948 142.5943   5.5635  1.81710929    13
S93073
1 93073U S93073   20063.00000000 0.00000000      0 0      0 0 0    17
2 93073  22.3221 358.2337 5041356 143.7198 220.3425  1.82846828    10
S93072
1 93072U S93072   20063.00000000 0.00000000      0 0      0 0 0    15
2 93072  22.3304   1.4786 4526744 135.3327  28.0019  1.83173173    14
S93071
1 93071U S93071   20063.00000000 0.00000000      0 0      0 0 0    13
2 93071  22.3124 357.5063 5062171 144.9811  36.2809  1.83101751    11
S93070
1 93070U S93070   20063.00000000 0.00000000      0 0      0 0 0    11
2 93070  22.4922   8.7685 4559956 128.8716 136.8263  1.82437284    11
S93069
1 93069U S93069   20063.00000000 0.00000000      0 0      0 0 0    17
2 93069  22.3401   0.0323 4779735 140.4922 117.1767  1.83900457    11
S93068
1 93068U S93068   20063.00000000 0.00000000      0 0      0 0 0    15
2 93068  22.3245   0.1166 4708549 139.9827 299.7885  1.83782498    15
S70057
1 70057U S70057   20063.00000000 0.00000000      0 0      0 0 0    11
2 70057  22.8527 355.8254 3838235 127.7431 343.3544  1.81586837    10
S70049
1 70049U S70049   20063.00000000 0.00000000      0 0      0 0 0    13
2 70049  22.2725 359.7137 4406468 138.0048 156.5050  1.89127021    17
S70040
1 70040U S70040   20063.00000000 0.00000000      0 0      0 0 0    15
2 70040  22.2474   1.3073 4632564 135.3359 324.1351  1.86185635    10
S70030
1 70030U S70030   20063.00000000 0.00000000      0 0      0 0 0    13
2 70030  22.2397 348.5137 4915678 158.1444 244.9516  1.90225823    19
S70027
1 70027U S70027   20063.00000000 0.00000000      0 0      0 0 0    15
2 70027  22.3864   1.1522 4767674 133.0792  54.8770  1.77312284    17
S70025
1 70025U S70025   20063.00000000 0.00000000      0 0      0 0 0    11
2 70025  22.4037 357.3862 4583910 140.0262  75.3639  1.82761436    15