2301, 78514,17102018,15042019 191309,   1, 28242.8, 11.886,283.016,0.468700,359.9,209.395,1.00e-02,  9.7, 0.1,  1
1392, 71717,07042019,15042019 232922,   2, 26545.2, 11.994,277.205,0.463292,359.9,221.645,2.26e-01, 12.4, 0.1,  6
1506, 73511,09042019,15042019 164916,   3, 26976.7, 11.960,278.933,0.462246,359.9,217.616,1.86e+00, 14.4, 0.9,199
1533, 73716,10042019,15042019 172733,   3, 27034.0, 11.989,277.510,0.454978,359.9,218.756,2.11e-01, 15.1, 0.1,  3
1789, 74055,10042019,15042019 170600,   4, 27050.1, 12.158,272.924,0.486989,360.0,224.952,1.45e+00, 16.4, 2.2,494
1805, 74206,07042019,15042019 194243,   1, 27149.9, 11.928,290.830,0.451716,359.8,205.058,3.12e-02, 12.6, 0.1,  4
1806, 74207,06042019,15042019 190437,   6, 27171.6, 12.016,276.568,0.452711,359.9,218.977,1.32e-02, 17.0, 0.1,  7
1869, 74909,08042019,15042019 214702,   1, 27330.6, 11.905,289.016,0.453726,359.8,206.022,1.75e+00, 15.2, 0.2, 39
1870, 74910,08042019,15042019 213939,   6, 27340.8, 11.880,286.120,0.457499,359.9,209.143,5.70e-01, 17.2, 1.2,270
1871, 74911,09042019,15042019 214748,   4, 27318.3, 11.931,290.978,0.449155,359.8,203.984,5.25e-01, 17.1, 0.7,159
1887, 75109,09042019,15042019 223239,   4, 27382.0, 11.928,290.855,0.450604,359.8,203.953,2.68e-01, 16.9, 0.4, 89
1905, 75217,09042019,15042019 221545,   4, 27405.6, 11.879,286.862,0.478837,359.8,209.631,3.65e-02, 17.3, 0.1,  9
1906, 75218,09042019,15042019 215723,   4, 27411.3, 11.892,282.145,0.486148,359.9,214.615,4.39e-01, 16.4, 0.6,131
1907, 75219,09042019,15042019 220709,   3, 27393.8, 11.887,283.856,0.463132,359.9,211.303,1.82e+00, 17.4, 2.1,472
1917, 75309,08042019,15042019 213108,   4, 27420.8, 12.107,274.016,0.492564,360.0,223.026,2.22e-01, 16.0, 0.3, 74
1922, 75404,08042019,15042019 220634,   6, 27442.7, 12.105,274.140,0.462198,360.0,220.786,3.73e-01, 16.7, 0.8,176
1923, 75405,08042019,15042019 224215,   3, 27450.9, 11.886,283.026,0.465098,359.9,212.315,4.84e-02, 16.7, 0.1,  6
1924, 75406,07042019,15042019 230138,   2, 27446.7, 11.906,281.536,0.419613,359.9,210.812,2.79e-01, 16.4, 0.1,  3
1935, 75510,06042019,15042019 224806,   2, 27471.1, 11.950,279.116,0.457595,359.9,215.406,8.86e-01, 17.0, 0.2, 41
1936, 75511,07042019,15042019 225635,   2, 27482.6, 11.950,279.022,0.455463,359.9,215.448,1.35e-01, 16.0, 0.1,  4
1944, 75607,07042019,15042019 234656,   1, 27495.3, 11.892,288.466,0.448057,359.8,205.674,1.34e-01, 12.2, 0.1,  4
1945, 75608,08042019,15042019 223150,   4, 27489.9, 12.274,270.617,0.457380,360.0,223.765,6.14e-02, 17.3, 0.1, 21
1962, 75806,08042019,15042019 234716,   5, 27555.1, 11.918,280.507,0.467124,359.9,214.495,2.78e-02, 16.6, 0.1, 10
1963, 75807,09042019,16042019 000331,   4, 27542.1, 11.879,286.438,0.464313,359.9,208.436,7.42e-01, 16.9, 0.9,210
2006, 76209,07042019,16042019 003950,   5, 27655.7, 12.051,275.613,0.472418,359.9,219.126,6.55e-01, 14.0, 0.4, 79
2007, 76210,07042019,16042019 012939,   4, 27649.3, 11.880,287.180,0.455400,359.8,206.800,2.09e-02, 15.9, 0.1,  3
2020, 76312,08042019,16042019 014913,   4, 27665.0, 11.884,287.701,0.445922,359.8,205.578,7.52e-04, 16.9, 0.1,  1
2028, 76407,08042019,16042019 012720,   4, 27699.3, 12.012,276.723,0.453199,359.9,216.650,9.64e-02, 17.1, 0.1,  1
2042, 76513,08042019,16042019 015024,   3, 27726.1, 11.930,279.898,0.465804,359.9,214.321,2.20e-02, 16.1, 0.1,  1
2043, 76514,05042019,16042019 013920,   4, 27707.2, 11.917,280.856,0.468920,359.9,213.495,9.60e-01, 17.0, 1.2,278
2051, 76608,08042019,16042019 020232,   4, 27753.6, 11.922,280.269,0.480150,359.9,214.834,6.24e-02, 16.2, 0.1,  2
2052, 76609,09042019,16042019 024305,   5, 27750.5, 11.880,284.044,0.436473,359.9,208.131,1.63e-01, 15.2, 0.3, 59
2072, 76812,08042019,15042019 134521,   4, 27801.2, 11.964,278.463,0.474735,359.9,215.984,6.61e-02, 17.6, 0.1,  2
2081, 76908,10042019,16042019 035101,   2, 27808.7, 12.167,298.167,0.494823,359.8,198.102,1.51e-01, 15.0, 0.1, 18
2093, 77011,08042019,16042019 031539,   4, 27829.4, 11.879,283.779,0.474072,359.9,210.693,3.34e-03, 16.5, 0.1,  6
2111, 77208,07042019,16042019 035751,   2, 27885.0, 11.876,284.155,0.475113,359.9,210.108,3.91e-01, 16.3, 0.1, 12
2112, 77209,08042019,16042019 042144,   2, 27881.0, 11.881,287.001,0.453013,359.8,205.691,9.40e-01, 15.9, 0.1,  6
2113, 77210,06042019,16042019 034741,   2, 27881.4, 11.928,280.644,0.470166,359.9,212.662,3.07e+00, 17.0, 0.1, 10
2133, 77410,08042019,15042019 152649,   2, 27930.4, 11.895,282.193,0.477970,359.9,212.055,1.36e-01, 17.0, 0.1,  8
2134, 77411,08042019,15042019 150222,   3, 27931.5, 12.058,275.394,0.476994,359.9,218.641,4.95e-02, 14.8, 0.1,  2
2135, 77412,10042019,15042019 154108,   5, 27937.3, 11.881,283.724,0.472781,359.9,210.175,3.07e-02, 18.7, 0.1, 11
2146, 77510,08042019,15042019 161522,   2, 27950.2, 11.879,286.718,0.454078,359.8,205.783,5.57e-01, 16.2, 0.1,  4
2147, 77511,08042019,16042019 050217,   3, 27968.5, 11.898,281.872,0.455933,359.9,210.685,2.36e-01, 18.1, 0.1,  1
2174, 77716,07042019,15042019 160232,   2, 28006.5, 11.961,278.653,0.483369,359.9,215.529,7.79e-01, 16.5, 0.1,  8
2175, 77717,08042019,15042019 163017,   3, 28013.7, 11.888,282.867,0.473231,359.9,210.755,1.06e-02, 17.8, 0.1,  1
2194, 77908,07042019,15042019 165817,   3, 28050.4, 11.882,283.518,0.473471,359.9,209.990,5.08e-02, 14.7, 0.1,  2
2195, 77909,08042019,15042019 170728,   3, 28062.6, 11.882,283.551,0.473156,359.9,209.828,3.36e-01, 15.5, 0.1,  1
2196, 77910,06042019,16042019 055923,   4, 28058.2, 11.883,283.180,0.476839,359.9,210.592,5.81e-03, 17.0, 0.1,  2
2197, 77911,06042019,15042019 170822,   3, 28063.9, 11.882,283.497,0.472319,359.9,209.871,4.48e-02, 17.0, 0.1, 12
2208, 78010,09042019,15042019 173448,   5, 28069.8, 11.878,286.480,0.458687,359.9,205.827,7.23e-01, 17.8, 0.1,  6
2209, 78011,07042019,15042019 171727,   3, 28077.8, 11.881,283.527,0.473633,359.9,209.844,2.18e-02, 13.6, 0.1,  2
2210, 78012,07042019,15042019 171559,   3, 28073.7, 11.875,283.504,0.474536,359.9,209.941,1.08e+00, 17.0, 0.5, 99
2211, 78013,08042019,15042019 171709,   3, 28077.3, 11.884,283.526,0.474653,359.9,209.821,8.30e-01, 13.6, 0.1,  3
2212, 78014,06042019,16042019 062145,   3, 28083.5, 11.890,283.538,0.477132,359.9,209.786,1.79e+00, 17.0, 1.9,434
2213, 78015,06042019,15042019 170816,   3, 28069.9, 11.881,283.599,0.479168,359.9,210.248,3.93e-02, 17.0, 0.1, 10
2229, 78116,07042019,15042019 172639,   2, 28095.7, 11.884,283.230,0.476265,359.9,210.301,6.29e-02, 15.3, 0.1,  6
2230, 78117,06042019,15042019 172616,   3, 28090.0, 11.885,283.658,0.475863,359.9,209.635,1.23e+00, 17.0, 0.1,  5
2231, 78118,10042019,15042019 173321,   5, 28108.6, 11.886,282.989,0.478167,359.9,210.625,3.16e-02, 17.7, 0.1, 11
2232, 78119,08042019,16042019 064521,   3, 28107.3, 11.873,285.278,0.475368,359.9,208.239,3.96e-02, 17.6, 0.1,  1
2233, 78120,08042019,16042019 063256,   3, 28110.8, 11.927,280.022,0.465657,359.9,212.655,6.20e-02, 17.6, 0.1,  1
2241, 78207,07042019,16042019 065046,   2, 28123.3, 11.880,283.472,0.473534,359.9,209.817,5.73e-03, 12.9, 0.1,  1
2242, 78208,07042019,15042019 175739,   3, 28136.4, 11.884,283.403,0.474238,359.9,209.735,5.39e-01, 15.5, 0.1,  6
2243, 78209,07042019,15042019 173952,   4, 28127.1, 11.920,280.465,0.472513,359.9,212.602,5.66e-02, 15.4, 0.1, 12
2244, 78210,05042019,16042019 065553,   3, 28129.7, 11.888,283.523,0.475827,359.9,209.659,1.38e+00, 17.0, 0.1, 13
2245, 78211,08042019,16042019 065133,   3, 28123.6, 11.883,283.540,0.474113,359.9,209.684,4.93e-01, 15.3, 0.1,  3
2265, 78319,06042019,15042019 180254,   5, 28142.6, 11.881,283.484,0.472425,359.9,209.586,1.00e-02, 17.0, 0.1, 10
2266, 78320,08042019,15042019 172114,   3, 28143.5, 12.104,274.178,0.481415,360.0,219.344,6.14e-02, 17.9, 0.1,  8
2267, 78321,06042019,15042019 180953,   6, 28144.3, 11.884,283.532,0.464762,359.9,208.912,4.21e-01, 17.0, 0.9,197
2282, 78415,07042019,16042019 073202,   3, 28172.0, 11.878,283.938,0.468849,359.9,208.792,1.59e-01, 14.9, 0.1,  9
2283, 78416,06042019,16042019 073933,   3, 28186.1, 11.878,283.904,0.472726,359.9,209.075,1.11e-01, 18.2, 0.1,  1
2284, 78417,06042019,15042019 182343,   3, 28172.6, 11.887,283.056,0.470391,359.9,209.689,4.24e-01, 17.0, 0.1,  3
2285, 78418,08042019,15042019 180432,   4, 28156.1, 11.885,283.101,0.481425,359.9,210.579,1.22e-02, 17.1, 0.1,  1
2286, 78419,06042019,16042019 072353,   6, 28167.6, 11.887,282.878,0.470056,359.9,209.884,3.87e-01, 17.0, 0.8,179
2302, 78515,07042019,15042019 184502,   3, 28208.8, 11.888,282.810,0.474039,359.9,210.115,2.80e-02, 16.8, 0.1,  2
2303, 78516,06042019,15042019 184502,   3, 28208.8, 11.888,282.807,0.474145,359.9,210.111,1.40e-01, 17.0, 0.1,  6
2304, 78517,07042019,15042019 184533,   3, 28204.0, 11.886,282.976,0.469392,359.9,209.628,4.43e-02, 16.5, 0.1,  1
2305, 78518,08042019,15042019 184520,   3, 28203.8, 11.884,283.190,0.470898,359.9,209.528,5.36e-02, 15.8, 0.1,  1
2306, 78519,06042019,16042019 073523,   4, 28183.3, 11.886,282.862,0.469748,359.9,209.844,3.26e-01, 17.0, 0.1, 20
2307, 78520,08042019,16042019 072405,   1, 28189.9, 11.907,281.564,0.488872,359.9,212.151,2.07e+00, 16.7, 0.1,  4
2308, 78521,09042019,15042019 184522,   3, 28203.5, 11.887,283.040,0.469897,359.9,209.567,1.98e-01, 17.8, 0.1,  1
2309, 78522,06042019,15042019 184759,   5, 28207.1, 11.887,282.998,0.469789,359.9,209.551,4.18e-01, 17.0, 0.7,147
2310, 78523,06042019,16042019 073617,   4, 28184.1, 11.881,282.941,0.469754,359.9,209.758,2.65e-01, 17.0, 0.4, 85
2311, 78524,06042019,16042019 073821,   4, 28183.8, 11.883,283.285,0.468211,359.9,209.340,1.59e-01, 17.0, 0.2, 51
2312, 78525,06042019,15042019 184429,   4, 28202.4, 11.888,282.849,0.468869,359.9,209.689,2.16e-01, 17.0, 0.3, 69
2313, 78526,06042019,15042019 184522,   4, 28203.5, 11.886,283.044,0.469868,359.9,209.565,2.22e-01, 17.0, 0.3, 71
2314, 78527,06042019,15042019 183955,   6, 28194.9, 11.885,283.198,0.470164,359.9,209.456,2.80e-01, 17.0, 0.6,130
2315, 78528,06042019,15042019 184510,   4, 28201.4, 11.886,283.139,0.468692,359.9,209.389,2.48e-01, 17.0, 0.4, 79
2330, 78615,09042019,15042019 185348,   3, 28216.6, 11.884,283.311,0.472299,359.9,209.463,1.59e-02, 17.8, 0.1,  4
2331, 78616,09042019,15042019 191019,   3, 28234.1, 11.878,284.289,0.471935,359.9,208.411,5.66e-02, 18.2, 0.1,  2
2332, 78617,08042019,15042019 185153,   3, 28224.5, 11.881,283.015,0.481162,359.9,210.378,7.58e-03, 18.0, 0.4, 91
2333, 78618,06042019,15042019 185528,   3, 28215.4, 11.885,283.263,0.468612,359.9,209.208,2.37e-01, 17.0, 0.1,  2
2334, 78619,09042019,15042019 185810,   3, 28220.7, 11.886,283.063,0.468656,359.9,209.409,9.76e-02, 17.6, 0.1,  3
2335, 78620,06042019,15042019 185907,   6, 28218.7, 11.884,283.394,0.467607,359.9,208.977,3.15e-01, 17.0, 0.7,146
2336, 78621,06042019,15042019 185050,   6, 28210.1, 11.886,283.051,0.468597,359.9,209.444,1.45e-01, 17.0, 0.3, 67
2348, 78711,07042019,15042019 191301,   2, 28241.7, 11.886,283.128,0.469029,359.9,209.260,2.75e-01, 17.6, 0.1, 10
2349, 78712,07042019,15042019 191510,   2, 28244.4, 11.884,283.143,0.468571,359.9,209.213,1.92e-01, 16.5, 0.1, 12
2350, 78713,08042019,15042019 184559,   3, 28250.0, 12.029,276.199,0.476243,359.9,216.580,3.57e-02, 16.5, 0.1,  2
2351, 78714,08042019,15042019 185553,   3, 28245.2, 11.952,278.999,0.473706,359.9,213.563,6.24e-01, 17.6, 0.1,  2
2352, 78715,06042019,15042019 191017,   2, 28239.3, 11.888,282.804,0.468220,359.9,209.563,9.07e-02, 17.0, 0.1,  1
2353, 78716,06042019,15042019 185853,   2, 28237.8, 11.935,280.251,0.480559,359.9,211.729,7.29e+00, 17.0, 0.4, 37
2354, 78717,07042019,15042019 190158,   3, 28241.5, 11.970,278.243,0.455851,359.9,213.062,3.08e-01, 14.8, 0.1,  1
2355, 78718,06042019,15042019 191534,   3, 28245.8, 11.887,282.996,0.468895,359.9,209.342,4.20e-01, 17.0, 0.1,  2
2356, 78719,06042019,15042019 191616,   3, 28248.2, 11.889,282.812,0.468999,359.9,209.535,3.16e-01, 17.0, 0.1,  1
2357, 78720,06042019,15042019 191237,   2, 28241.4, 11.885,283.152,0.469005,359.9,209.281,4.92e-02, 17.0, 0.1,  1
2358, 78721,09042019,15042019 191344,   3, 28244.0, 11.889,282.927,0.468946,359.9,209.455,1.55e-01, 17.1, 0.1,  6
2359, 78722,10042019,15042019 191732,   3, 28249.7, 11.887,282.958,0.469366,359.9,209.429,2.02e-01, 17.9, 0.1,  1
2360, 78723,06042019,15042019 191143,   2, 28240.5, 11.886,282.995,0.469191,359.9,209.372,4.83e-01, 17.0, 0.1,  2
2361, 78724,06042019,15042019 191548,   3, 28247.2, 11.888,282.909,0.469136,359.9,209.470,2.08e-01, 17.0, 0.1,  2
2362, 78725,06042019,15042019 190937,   3, 28238.6, 11.875,283.062,0.468422,359.9,209.627,1.67e-01, 17.0, 0.2, 43
2363, 78726,06042019,15042019 191747,   4, 28249.1, 11.885,283.087,0.469134,359.9,209.304,1.38e-01, 17.0, 0.2, 39
2364, 78727,06042019,15042019 190960,   4, 28238.1, 11.887,283.051,0.469439,359.9,209.362,3.52e-01, 17.0, 0.5,112
2365, 78728,06042019,15042019 191147,   5, 28241.3, 11.888,282.928,0.469009,359.9,209.470,1.94e-01, 17.0, 0.3, 76
2366, 78729,06042019,15042019 191053,   4, 28238.3, 11.885,283.222,0.469090,359.9,209.198,2.20e-01, 17.0, 0.3, 70
2367, 78730,06042019,15042019 191457,   6, 28243.7, 11.883,283.369,0.469447,359.9,209.072,1.32e-01, 17.0, 0.3, 61
2368, 78731,06042019,15042019 190934,   5, 28236.3, 11.885,283.167,0.468529,359.9,209.229,1.38e-01, 17.0, 0.2, 50
2369, 78732,06042019,15042019 191337,   6, 28242.5, 11.883,283.132,0.468907,359.9,209.237,2.12e-01, 17.0, 0.4, 99
2377, 78807,06042019,15042019 192923,   4, 28264.8, 11.886,283.189,0.469501,359.9,209.089,5.49e-01, 17.0, 0.8,176
2378, 78808,08042019,15042019 184932,   3, 28271.8, 12.082,274.731,0.485218,360.0,218.585,6.05e-02, 16.0, 0.1,  1
2379, 78809,12042019,15042019 192654,   3, 28274.2, 11.893,282.721,0.480600,359.9,210.254,9.84e-01, 18.0, 0.9,200
2380, 78810,06042019,15042019 192831,   3, 28263.1, 11.884,283.209,0.468810,359.9,209.067,3.70e-01, 17.0, 0.3, 75
2381, 78811,06042019,15042019 192419,   4, 28259.2, 11.887,282.964,0.469134,359.9,209.381,1.43e-01, 17.0, 0.2, 40
2382, 78812,06042019,15042019 193323,   3, 28267.1, 11.882,283.601,0.468412,359.9,208.613,5.07e-01, 17.0, 0.5,103
2383, 78813,06042019,15042019 192938,   3, 28265.3, 11.885,283.149,0.468919,359.9,209.137,2.89e-01, 17.0, 0.3, 59
2384, 78814,06042019,15042019 193733,   4, 28277.4, 11.886,283.044,0.468763,359.9,209.210,1.45e-01, 17.0, 0.2, 46
2385, 78815,06042019,15042019 192403,   3, 28259.4, 11.889,282.804,0.469470,359.9,209.481,5.45e-01, 17.0, 0.5,114
2393, 78907,06042019,15042019 195206,   4, 28294.7, 11.882,283.402,0.467202,359.9,208.659,1.32e-02, 17.0, 0.1,  4
2403, 79009,07042019,15042019 200842,   4, 28318.0, 11.882,283.535,0.467353,359.9,208.495,1.00e-02, 15.8, 0.1,  3
2404, 79010,08042019,15042019 200133,   3, 28328.8, 11.918,280.569,0.470865,359.9,211.609,4.59e-02, 18.0, 0.1,  1
2405, 79011,08042019,15042019 201231,   3, 28324.0, 11.882,283.516,0.468176,359.9,208.509,2.33e-01, 17.7, 0.1,  1
2406, 79012,06042019,15042019 200718,   4, 28316.9, 11.883,283.382,0.467580,359.9,208.639,1.41e-01, 17.0, 0.2, 39
2417, 79111,08042019,15042019 193655,   3, 28339.9, 12.134,273.480,0.478382,360.0,219.031,2.18e-01, 13.2, 0.1,  4
2418, 79112,08042019,15042019 200623,   4, 28342.3, 11.923,280.366,0.476824,359.9,212.153,3.56e-01, 17.8, 0.1, 16
2419, 79113,08042019,15042019 202438,   3, 28339.4, 11.884,283.526,0.467476,359.9,208.270,8.73e-01, 17.8, 0.1,  3
2420, 79114,08042019,15042019 201613,   3, 28345.2, 11.914,280.826,0.467660,359.9,211.059,1.70e-02, 16.7, 0.1,  1
2426, 79205,07042019,15042019 200739,   3, 28367.0, 12.036,275.996,0.474480,359.9,216.205,4.37e-02, 15.4, 0.1,  4
2427, 79206,06042019,15042019 204211,   3, 28366.0, 11.882,283.530,0.467852,359.9,208.310,2.12e-01, 17.0, 0.1,  1
2428, 79207,06042019,15042019 201436,   6, 28352.1, 11.901,281.622,0.481734,359.9,211.311,1.64e-02, 17.0, 0.1,  8
2434, 79305,09042019,15042019 204020,   2, 28386.2, 12.096,279.709,0.491755,359.9,211.260,1.28e+01, 16.5,10.5,  0
2435, 79306,13042019,15042019 210051,   2, 28396.2, 11.889,282.754,0.467491,359.9,208.834,6.86e-01, 17.5, 0.6,137
2436, 79307,06042019,15042019 204454,   2, 28389.1, 11.921,280.676,0.470929,359.9,211.137,5.07e-01, 17.0, 0.5,101
2446, 79409,06042019,15042019 205907,   2, 28413.8, 11.925,280.244,0.472533,359.9,211.560,3.07e-01, 18.2, 0.3, 60
2455, 79508,07042019,15042019 212859,   4, 28435.7, 11.891,282.493,0.464113,359.9,208.778,1.39e-01, 14.1, 0.1, 11
2460, 79604,08042019,15042019 212841,   4, 28469.8, 11.974,278.022,0.472242,359.9,213.661,5.76e-02, 14.9, 0.1,  1
2469, 79708,11042019,15042019 214055,   2, 28488.6, 12.029,276.245,0.463457,359.9,214.645,1.21e-01, 14.3, 0.1,  1
2473, 79803,08042019,15042019 220626,   4, 28514.4, 11.922,280.282,0.475874,359.9,211.567,1.81e-02, 16.9, 0.1,  1
2474, 79804,08042019,15042019 215847,   4, 28497.5, 11.920,280.415,0.470760,359.9,211.103,3.57e-02, 14.4, 0.1,  2
2475, 79805,09042019,15042019 220408,   4, 28500.0, 11.916,280.688,0.467162,359.9,210.551,5.50e-02, 18.0, 0.1, 15
2476, 79806,09042019,15042019 220650,   4, 28518.6, 11.959,278.665,0.471025,359.9,212.651,5.99e-01, 18.0, 0.7,163
2484, 79907,09042019,15042019 221127,   4, 28542.8, 12.021,276.470,0.475287,359.9,215.125,9.57e-02, 17.6, 0.1,  2
2485, 79908,09042019,15042019 221426,   4, 28534.9, 11.971,278.131,0.472472,359.9,213.322,6.99e-02, 16.1, 0.1,  7
2486, 79909,09042019,15042019 215156,   4, 28521.7, 11.957,278.548,0.494183,359.9,214.585,3.84e-01, 18.0, 0.1, 13
2487, 79910,09042019,15042019 230120,   4, 28534.4, 11.878,285.588,0.449840,359.9,204.254,2.65e-01, 16.7, 0.4, 82
2488, 79911,06042019,15042019 223058,   4, 28524.0, 11.883,283.843,0.473599,359.9,207.705,8.75e-01, 17.0, 1.1,237
2491, 80002,11042019,15042019 224305,   4, 28567.5, 11.954,279.248,0.472175,359.9,211.900,9.87e-01, 17.7, 1.2,265
2492, 80003,09042019,15042019 223415,   4, 28568.1, 11.978,277.908,0.476540,359.9,213.666,3.72e-01, 18.3, 0.5,100
2495, 80102,09042019,15042019 230135,   4, 28590.1, 11.958,278.706,0.463732,359.9,211.852,1.56e-01, 16.7, 0.1,  1
2503, 80207,07042019,15042019 231532,   1, 28610.4, 11.922,280.306,0.473310,359.9,210.983,1.51e-02, 17.0, 0.1,  1
2504, 80208,11042019,15042019 231240,   4, 28612.3, 11.957,278.709,0.469894,359.9,212.271,1.76e-02, 16.5, 0.1,  5
2515, 80405,11042019,15042019 233648,   1, 28647.7, 11.952,278.882,0.472120,359.9,212.112,1.72e-01, 15.2, 0.1,  3
2516, 80406,09042019,15042019 234814,   4, 28657.4, 11.910,281.102,0.479788,359.9,210.383,7.62e-01, 16.1, 0.9,204
2521, 80504,09042019,16042019 000145,   3, 28683.0, 11.955,278.777,0.471613,359.9,211.997,3.80e-01, 17.6, 0.5,101
2522, 80505,09042019,15042019 235739,   4, 28676.0, 11.951,278.935,0.470794,359.9,211.869,5.50e-02, 16.8, 0.1,  1
2527, 80604,07042019,16042019 002123,   1, 28710.7, 11.948,279.049,0.472340,359.9,211.745,5.49e-02, 14.3, 0.1,  2
2528, 80605,09042019,15042019 235620,   4, 28696.5, 12.071,275.060,0.471923,360.0,215.544,6.62e-01, 15.6, 0.1, 17
2529, 80606,07042019,16042019 003447,   3, 28710.4, 11.900,281.666,0.468694,359.9,208.899,6.33e-02, 16.7, 0.1,  6
2542, 80905,08042019,16042019 011814,   1, 28778.0, 11.912,280.897,0.470035,359.9,209.483,1.38e-01, 15.3, 0.1,  2
2549, 81102,07042019,16042019 013813,   2, 28809.1, 11.904,281.396,0.475381,359.9,209.334,1.09e-02, 15.5, 0.1,  1
2550, 81103,12042019,16042019 013441,   2, 28826.1, 11.986,277.582,0.474584,359.9,212.925,7.58e-02, 17.2, 0.1,  1
2555, 81204,09042019,16042019 014500,   3, 28837.5, 11.971,278.141,0.474722,359.9,212.335,1.20e-01, 15.8, 0.1, 26
2556, 81205,12042019,16042019 020420,   3, 28845.3, 11.891,282.324,0.480619,359.9,208.656,2.35e-01, 18.3, 0.3, 62
2557, 81206,06042019,16042019 014403,   3, 28837.1, 11.983,277.741,0.473539,359.9,212.615,2.59e-01, 17.0, 0.3, 69
2563, 81306,09042019,16042019 021035,   5, 28873.4, 11.969,278.335,0.475598,359.9,212.067,1.77e-01, 16.4, 0.3, 61
2579, 81704,09042019,15042019 131256,   3, 28950.2, 12.026,276.368,0.484584,359.9,214.381,2.05e-01, 14.0, 0.1, 19
2589, 82003,07042019,16042019 041057,   3, 29023.0, 11.900,281.608,0.474184,359.9,208.225,1.40e-02, 15.9, 0.1,  1
2605, 82605,07042019,15042019 160031,   2, 29163.0, 11.957,278.880,0.463392,359.9,209.345,4.29e-01, 14.7, 0.1,  5
2627, 83401,07042019,15042019 183304,   3, 29351.1, 11.873,285.576,0.467967,359.9,202.546,1.91e-02, 14.8, 0.1,  1
2631, 83602,06042019,15042019 193116,   2, 29415.5, 11.885,288.048,0.465355,359.8,199.535,6.48e-01, 16.1, 0.1,  7
2637, 83901,07042019,15042019 205718,   2, 29468.5, 12.169,298.494,0.469929,359.8,189.606,3.25e-02, 14.1, 0.1,  4
2640, 84300,07042019,15042019 212506,   2, 29574.2, 11.913,290.457,0.471723,359.8,197.231,1.24e-01, 16.1, 0.1, 13
2642, 84401,07042019,15042019 211622,   3, 29591.4, 11.875,284.526,0.459740,359.9,201.872,4.02e-01, 15.2, 0.1, 23
2654, 84804,10042019,15042019 224723,   2, 29692.1, 11.925,290.606,0.469680,359.8,196.439,2.40e-01, 15.5, 0.1,  2
2661, 85103,10042019,15042019 233738,   1, 29760.7, 11.927,291.270,0.469158,359.8,195.521,1.11e-01, 14.0, 0.1,  5
2662, 85104,10042019,15042019 233825,   1, 29761.2, 11.928,291.274,0.468300,359.8,195.462,3.49e-02, 14.4, 0.1,  1
2663, 85301,07042019,16042019 000715,   4, 29816.4, 11.896,289.377,0.466693,359.8,196.964,3.37e-03, 15.2, 0.1,  3
2665, 85402,09042019,16042019 002432,   3, 29827.7, 11.932,291.470,0.468805,359.8,195.041,2.08e-01, 15.4, 0.1, 12
2672, 86000,10042019,16042019 005528,   4, 29958.8, 11.927,290.951,0.465970,359.8,196.492,4.71e-02, 13.1, 0.1,  1
2683, 87100,07042019,15042019 124709,   3, 30210.0, 11.895,281.856,0.513891,359.9,207.142,2.88e-01, 15.7, 0.1,  1
