1521, 73800,12062012,02042019 011654,   1, 27061.1, 23.303,121.665,0.518061,  0.1,126.180,9.61e-03, 11.9, 0.1,  1
1519, 73708,27032019,02042019 010409,   5, 27047.2, 23.226,121.847,0.519054,  0.1,125.889,1.29e+01, 18.9,20.1,  0 
1520, 73709,31032019,02042019 010104,   1, 27042.9, 23.277,121.717,0.519568,  0.1,126.028,3.93e-01, 19.8, 0.2, 53
1531, 73810,26032019,02042019 012032,   2, 27070.7, 23.290,121.690,0.517513,  0.1,126.124,2.65e-01, 18.0, 0.1,  2
1532, 73811,26032019,02042019 011827,   2, 27067.9, 23.277,121.723,0.517844,  0.1,126.041,3.03e-01, 16.8, 0.1, 33
1533, 73812,27032019,02042019 011553,   1, 27063.9, 23.279,121.714,0.518056,  0.1,126.089,2.55e-01, 16.8, 0.1,  1
1534, 73813,26032019,02042019 011630,   1, 27064.9, 23.287,121.695,0.518006,  0.1,126.096,2.88e-01, 17.3, 0.1,  1
1535, 73814,27032019,02042019 011946,   1, 27070.0, 23.306,121.653,0.517517,  0.1,126.136,4.50e-01, 17.2, 0.1,  5
1537, 73816,26032019,02042019 011753,   2, 27067.2, 23.310,121.641,0.517779,  0.1,126.132,3.68e-01, 17.2, 0.1,  6
1538, 73817,26032019,02042019 011718,   1, 27066.1, 23.291,121.685,0.517915,  0.1,126.111,2.76e-01, 18.2, 0.1,  2
1539, 73818,26032019,02042019 012221,   2, 27073.2, 23.262,121.760,0.517337,  0.1,126.034,4.54e-01, 16.6, 0.1,  7
1540, 73819,26032019,02042019 011532,   1, 27063.8, 23.294,121.679,0.517790,  0.1,126.077,4.84e-01, 18.4, 0.1, 24
1541, 73820,25032019,02042019 011606,   1, 27060.6, 23.270,121.755,0.516786,  0.1,125.998,5.46e-01, 15.6, 0.1, 12
1542, 73821,26032019,02042019 011617,   1, 27064.9, 23.321,121.612,0.518063,  0.1,126.156,3.07e-01, 15.8, 0.1, 14
1543, 73822,26032019,02042019 011221,   1, 27059.3, 23.270,121.750,0.517800,  0.1,126.040,7.42e-01, 15.8, 0.1, 22
1544, 73823,26032019,02042019 010954,   3, 27055.6, 23.302,121.657,0.518566,  0.1,126.132,2.11e-01, 18.4, 0.1, 21
1545, 73824,26032019,02042019 011937,   2, 27071.5, 23.282,121.846,0.517371,  0.1,126.152,3.78e-01, 18.7, 0.1, 16
1546, 73825,26032019,02042019 011456,   1, 27062.7, 23.296,121.674,0.518057,  0.1,126.136,2.85e-01, 17.3, 0.1,  1
1547, 73826,25032019,02042019 012247,   2, 27074.3, 23.331,121.592,0.517179,  0.1,126.201,3.63e-01, 17.1, 0.1,  6
1548, 73827,25032019,02042019 012234,   2, 27073.7, 23.285,121.704,0.517175,  0.1,126.101,1.00e-02, 17.3, 0.7,167
1550, 73829,26032019,02042019 012111,   1, 27071.8, 23.311,121.638,0.517483,  0.1,126.162,2.86e-01, 17.9, 0.1,  1
1551, 73830,25032019,02042019 011636,   1, 27065.2, 23.294,121.679,0.517997,  0.1,126.104,3.18e-01, 16.3, 0.1,  1
1552, 73831,26032019,02042019 011641,   1, 27061.3, 23.274,121.648,0.516917,  0.1,126.073,3.85e-01, 17.6, 0.2, 18
1553, 73832,26032019,02042019 011844,   1, 27068.6, 23.287,121.705,0.517298,  0.1,126.071,9.70e-01, 17.6, 0.1, 20
1554, 73833,26032019,02042019 011506,   1, 27063.1, 23.305,121.652,0.518087,  0.1,126.140,2.98e-01, 16.3, 0.1,  2
1555, 73834,27032019,02042019 012251,   2, 27074.0, 23.290,121.694,0.517234,  0.1,126.128,4.50e-01, 17.6, 1.3,308
1556, 73835,26032019,02042019 011440,   1, 27062.8, 23.292,121.691,0.517503,  0.1,126.041,7.44e-01, 15.8, 0.1,  2
1557, 73836,26032019,02042019 011957,   3, 27069.7, 23.241,121.815,0.517225,  0.1,125.981,4.87e-01, 18.7, 0.3, 71
1558, 73837,26032019,02042019 012202,   2, 27073.0, 23.309,121.641,0.517343,  0.1,126.175,3.04e-01, 17.0, 0.1, 21
1559, 73838,27032019,02042019 011734,   1, 27066.6, 23.306,121.648,0.517945,  0.1,126.136,2.11e-01, 18.9, 0.1,  1
1560, 73839,25032019,02042019 011554,   1, 27064.4, 23.318,121.621,0.517964,  0.1,126.159,3.68e-01, 17.0, 0.1,  5
1561, 73840,26032019,02042019 011419,   2, 27051.3, 23.301,121.669,0.518278,  0.1,126.274,1.78e-01, 18.8, 0.1,  2
1562, 73841,27032019,02042019 011947,   5, 27070.1, 23.339,121.571,0.517412,  0.1,126.224,3.75e-01, 17.0, 5.2,  0
1563, 73842,26032019,02042019 011943,   1, 27069.7, 23.260,121.772,0.517453,  0.1,125.988,6.50e-01, 18.6, 0.1, 23
1564, 73843,26032019,02042019 011860,   3, 27068.5, 23.291,121.687,0.517380,  0.1,126.138,2.87e-01, 19.2, 0.1, 30
1565, 73844,26032019,02042019 011450,   1, 27062.8, 23.325,121.602,0.517972,  0.1,126.214,3.03e-01, 18.3, 0.1,  6
1567, 73846,26032019,02042019 011910,   1, 27068.5, 23.265,121.754,0.517577,  0.1,126.064,3.33e-01, 16.8, 0.1,  1
1568, 73847,26032019,02042019 011350,   1, 27061.1, 23.274,121.727,0.518188,  0.1,126.050,4.11e-01, 17.0, 0.1,  1
1569, 73848,26032019,02042019 011354,   1, 27061.4, 23.291,121.683,0.518207,  0.1,126.079,5.68e-01, 18.4, 0.3, 64
1570, 73849,27032019,02042019 012044,   2, 27072.0, 23.347,121.558,0.516952,  0.1,126.199,2.76e-01, 19.1, 0.1, 32
1571, 73850,26032019,02042019 012318,   2, 27074.9, 23.312,121.637,0.517456,  0.1,126.156,5.85e-01, 19.5, 0.2, 40
1572, 73851,26032019,02042019 011360,   1, 27061.8, 23.326,121.599,0.518094,  0.1,126.171,3.47e-01, 18.9, 0.1,  2
1573, 73852,26032019,02042019 011818,   4, 27068.0, 23.335,121.579,0.517659,  0.1,126.200,2.58e-01, 19.5, 0.3, 56
1574, 73853,26032019,02042019 011247,   1, 27060.0, 23.305,121.656,0.517560,  0.1,126.139,8.86e-01, 19.4, 0.1,  3
1575, 73854,26032019,02042019 011228,   1, 27059.0, 23.283,121.705,0.518195,  0.1,126.120,2.82e-01, 18.0, 0.1,  1
1576, 73855,26032019,02042019 011524,   1, 27062.1, 23.286,121.666,0.518851,  0.1,126.140,2.40e+00, 19.0, 0.1, 13
1578, 73857,25032019,02042019 011858,   1, 27068.4, 23.278,121.722,0.517555,  0.1,126.080,4.16e-01, 17.1, 0.1,  4
1579, 73858,26032019,02042019 011758,   2, 27067.4, 23.334,121.581,0.517669,  0.1,126.207,3.61e-01, 19.3, 0.1,  3
1581, 73860,26032019,02042019 012243,   3, 27073.5, 23.252,121.783,0.517296,  0.1,126.028,3.18e-01, 17.6, 3.1,717
1582, 73861,26032019,02042019 011412,   1, 27061.5, 23.285,121.700,0.518066,  0.1,126.126,2.64e-01, 17.5, 0.1,  1
1585, 73864,26032019,02042019 011539,   1, 27063.5, 23.257,121.768,0.518066,  0.1,126.027,2.19e-01, 18.8, 0.1, 17
1587, 73866,26032019,02042019 012030,   2, 27071.0, 23.317,121.623,0.517725,  0.1,126.137,3.02e-01, 16.5, 0.1,  1
1593, 73872,30032019,02042019 011938,   2, 27069.4, 23.297,121.673,0.517487,  0.1,126.155,1.82e+00, 18.9, 1.4,313
1594, 73873,31032019,02042019 010436,   1, 27047.8, 23.263,121.752,0.518903,  0.1,126.017,5.14e-01, 19.6, 0.3, 68
1595, 73874,30032019,02042019 012234,   2, 27074.0, 23.322,121.612,0.517267,  0.1,126.182,1.00e-02, 19.1, 0.1,  2
1596, 73875,30032019,02042019 011652,   1, 27065.2, 23.237,121.821,0.517955,  0.1,125.969,1.00e-02, 19.2, 0.1,  1
1597, 73876,30032019,02042019 011902,   1, 27068.4, 23.264,121.754,0.517773,  0.1,126.045,8.40e-01, 18.8, 0.5,111
1598, 73877,31032019,02042019 010522,   1, 27048.3, 23.207,121.892,0.519119,  0.1,125.907,2.48e-01, 19.9, 0.2, 35
1600, 73879,30032019,02042019 011528,   1, 27063.5, 23.279,121.716,0.518098,  0.1,126.061,1.00e-02, 19.2, 0.1,  1
1608, 73904,26032019,02042019 012111,   1, 27071.5, 23.275,121.726,0.517467,  0.1,126.066,1.80e-01, 17.5, 0.1,  1
1609, 73905,27032019,02042019 012305,   2, 27079.9, 23.279,121.715,0.518031,  0.1,126.016,3.32e-01, 17.2, 0.1,  2
1611, 73907,26032019,02042019 012139,   1, 27072.2, 23.274,121.730,0.517495,  0.1,126.069,2.90e-01, 18.6, 0.1,  2
1612, 73908,25032019,02042019 012402,   1, 27075.8, 23.292,121.686,0.517163,  0.1,126.115,3.58e-01, 16.1, 0.1,  2
1613, 73909,26032019,02042019 012215,   1, 27073.5, 23.276,121.732,0.516855,  0.1,126.044,7.30e-01, 16.3, 0.1,  5
1614, 73910,25032019,02042019 012052,   1, 27071.3, 23.274,121.736,0.517115,  0.1,126.044,6.07e-01, 17.1, 0.1,  3
1615, 73911,26032019,02042019 012423,   2, 27076.5, 23.276,121.733,0.516701,  0.1,126.050,7.32e-01, 17.0, 0.3, 77
1616, 73912,26032019,02042019 012323,   4, 27074.9, 23.260,121.774,0.516854,  0.1,126.018,1.05e+00, 18.0,17.5,  0
1617, 73913,28032019,02042019 013054,   2, 27085.7, 23.261,121.768,0.516416,  0.1,125.976,5.96e-01, 18.2, 0.1,  2
1619, 73915,26032019,02042019 012418,   2, 27076.3, 23.311,121.639,0.517276,  0.1,126.141,3.33e-01, 17.8, 0.1,  6
1620, 73916,26032019,02042019 012501,   2, 27077.0, 23.270,121.740,0.517226,  0.1,126.049,3.07e-01, 18.6, 0.1,  1
1625, 73921,27032019,02042019 012426,   1, 27076.7, 23.268,121.755,0.516594,  0.1,126.014,8.62e-01, 14.3, 0.1,  2
1628, 73924,29032019,02042019 011826,   1, 27067.9, 23.299,121.667,0.517833,  0.1,126.106,3.23e-01, 17.7, 0.2, 41
1629, 73925,30032019,02042019 012813,   2, 27081.9, 23.269,121.753,0.516543,  0.1,126.035,6.19e-01, 17.4, 0.1,  2
1631, 73927,30032019,02042019 012717,   1, 27080.6, 23.267,121.753,0.516630,  0.1,126.019,7.33e-01, 17.4, 0.1,  9
1632, 73928,30032019,02042019 012552,   2, 27078.5, 23.265,121.756,0.516764,  0.1,126.007,1.00e-02, 19.2, 0.1,  2
1633, 73929,30032019,02042019 012341,   2, 27075.2, 23.281,121.714,0.517315,  0.1,126.082,8.04e+00, 19.6, 5.9,  0
1634, 73930,30032019,02042019 013545,   2, 27092.5, 23.280,121.719,0.516206,  0.1,126.070,1.24e+00, 19.2, 0.9,209
1635, 73931,30032019,02042019 013422,   2, 27090.4, 23.254,121.783,0.516426,  0.1,125.993,1.00e-02, 19.7, 0.1,  2
1636, 73932,30032019,02042019 013358,   2, 27090.3, 23.325,121.608,0.516341,  0.1,126.183,1.00e-02, 19.7, 0.1,  2
1637, 73933,30032019,02042019 012556,   2, 27078.3, 23.226,121.856,0.517086,  0.1,125.913,1.00e-02, 19.6, 0.1,  2
1638, 73934,30032019,02042019 011950,   1, 27069.6, 23.272,121.733,0.517742,  0.1,126.057,6.26e+00, 19.0, 3.6,819
