1522, 78000,27122014,11092018 083924,   1, 27985.7, 22.249, 47.038,0.481409,359.8, 56.633,1.02e-02, 11.4, 0.1,  1
1074, 69904,06092018,11092018 050709,   3, 26115.5, 22.304, 51.000,0.553811,359.8, 60.706,9.99e-03, 17.7, 0.1,  3
1147, 71409,03092018,10092018 224446,   3, 26466.9, 22.278, 50.073,0.523199,359.8, 60.331,1.72e-01, 15.9, 0.2, 36
1234, 73103,09092018,11092018 051346,   1, 26906.2, 22.248, 47.233,0.519311,359.8, 60.991,7.35e-02, 17.8, 0.1, 10
1238, 73203,09092018,11092018 052731,   1, 26924.8, 22.323, 41.716,0.507875,359.8, 66.332,1.52e+00, 19.0, 0.9,198
1244, 73305,07092018,10092018 174446,   1, 26957.6, 22.290, 43.214,0.511471,359.8, 64.532,1.94e-01, 15.9, 0.1, 25
1246, 73307,09092018,10092018 174250,   1, 26956.2, 22.245, 48.418,0.529264,359.8, 59.660,9.27e-01, 18.9, 0.5,118
1249, 73401,07092018,11092018 061632,   1, 26976.1, 22.249, 47.787,0.518878,359.8, 60.178,1.71e-01, 16.6, 0.1, 21
1250, 73402,07092018,11092018 060639,   1, 26966.3, 22.227, 47.110,0.516481,359.8, 61.070,2.22e+00, 16.8, 1.2,279
1251, 73403,05092018,11092018 061457,   1, 26969.1, 22.254, 48.716,0.501293,359.8, 59.598,3.31e-01, 18.5, 0.2, 42
1252, 73404,07092018,11092018 060731,   1, 26969.1, 22.216, 48.278,0.523925,359.8, 60.090,4.12e+00, 18.9, 2.2,518
1255, 73503,05092018,11092018 063418,   1, 26996.9, 22.288, 43.378,0.509260,359.8, 64.269,1.20e-01, 13.7, 0.1, 11
1256, 73504,05092018,10092018 182058,   2, 26999.2, 22.228, 47.226,0.515740,359.8, 60.762,2.20e+00, 18.4, 1.9,429
1263, 73702,06092018,11092018 072718,   3, 27051.9, 22.261, 44.969,0.497530,359.8, 62.718,3.68e-02, 18.0, 0.1,  8
1264, 73703,06092018,11092018 071636,   1, 27043.0, 22.218, 46.169,0.504501,359.8, 61.831,3.16e+00, 17.0, 1.2,273
1265, 73704,06092018,10092018 185800,   1, 27041.3, 22.233, 47.138,0.511451,359.8, 60.667,1.72e+00, 18.6, 0.9,212
1266, 73705,06092018,10092018 185727,   1, 27040.1, 22.242, 45.578,0.504553,359.8, 62.181,1.51e+00, 18.3, 0.8,186
1272, 73805,06092018,10092018 191526,   3, 27063.4, 22.260, 44.927,0.515339,359.8, 62.430,2.16e-01, 17.1, 0.2, 49
1273, 73806,07092018,10092018 191100,   1, 27057.1, 22.268, 44.473,0.510135,359.8, 62.920,2.37e-02, 15.2, 0.1,  2
1291, 74302,05092018,10092018 211922,   3, 27202.3, 22.228, 48.218,0.499431,359.8, 59.160,2.69e+00, 18.6, 3.1,702
1292, 74303,04092018,11092018 092116,   3, 27181.5, 22.248, 46.109,0.510699,359.8, 60.899,2.34e-01, 16.2, 0.2, 52
1294, 74305,04092018,11092018 092009,   3, 27178.8, 22.244, 45.460,0.497695,359.8, 61.815,1.60e+00, 19.0, 1.6,356
1295, 74306,04092018,11092018 093429,   3, 27193.9, 22.243, 46.251,0.500205,359.8, 60.885,7.43e-01, 18.8, 0.7,165
1297, 74401,05092018,10092018 212338,   3, 27212.3, 22.290, 43.305,0.506828,359.8, 63.354,2.37e-01, 18.8, 0.3, 63
1298, 74402,04092018,11092018 094101,   3, 27204.1, 22.353, 41.208,0.497643,359.8, 65.466,9.94e-03, 18.9, 0.1,  4
1299, 74403,04092018,10092018 212908,   2, 27210.3, 22.247, 46.897,0.485997,359.8, 60.358,2.07e-01, 15.7, 0.1, 31
1300, 74404,04092018,10092018 213138,   3, 27224.2, 22.217, 47.947,0.524798,359.8, 59.141,2.93e+00, 19.2, 3.3,760
1302, 74406,04092018,10092018 213444,   3, 27224.5, 22.332, 41.828,0.499135,359.8, 64.741,8.37e-02, 16.1, 0.1, 19
1304, 74408,07092018,10092018 213628,   2, 27225.2, 22.239, 49.627,0.515161,359.8, 57.675,3.46e+00, 17.9, 2.3,518
1311, 74506,03092018,10092018 214538,   3, 27236.2, 22.252, 45.809,0.508505,359.8, 60.906,1.48e-01, 16.7, 0.2, 39
1313, 74508,03092018,10092018 215203,   3, 27235.6, 22.338, 52.985,0.497483,359.8, 54.544,1.77e+00, 18.8, 2.0,462
1320, 74605,03092018,11092018 103750,   2, 27270.9, 22.209, 47.887,0.522062,359.8, 59.117,4.30e+00, 18.6, 3.6,812
1321, 74606,03092018,11092018 102709,   5, 27258.4, 22.223, 47.963,0.523385,359.8, 59.083,3.04e+00, 18.8, 5.4,  0
1328, 74802,03092018,10092018 230015,   2, 27313.7, 22.357, 53.216,0.496316,359.8, 53.984,3.51e-01, 18.7, 0.3, 67
1329, 74803,03092018,10092018 225204,   1, 27312.8, 22.248, 47.781,0.511715,359.8, 58.707,1.40e-01, 17.0, 0.1, 16
1330, 74804,03092018,10092018 225014,   3, 27305.4, 22.356, 53.009,0.506698,359.8, 53.944,6.41e-02, 17.9, 0.1, 14
1337, 74904,03092018,10092018 231739,   1, 27342.6, 22.247, 47.566,0.510504,359.8, 58.809,3.44e-01, 15.5, 0.2, 39
1339, 74906,03092018,10092018 231330,   1, 27337.2, 22.252, 45.781,0.503066,359.8, 60.532,1.59e-01, 18.8, 0.1, 18
1340, 74907,07092018,10092018 231538,   1, 27345.3, 22.245, 45.565,0.521648,359.8, 60.653,9.97e-01, 18.9, 0.5,113
1344, 75003,03092018,10092018 234217,   4, 27374.8, 22.290, 42.957,0.505612,359.8, 63.039,1.10e+00, 17.1, 1.6,359
1349, 75103,02092018,11092018 000510,   4, 27390.2, 22.322, 52.637,0.495002,359.8, 54.216,2.14e+00, 18.3, 3.0,694
1350, 75104,03092018,10092018 235001,   4, 27381.1, 22.262, 44.971,0.506514,359.8, 61.037,1.60e-02, 18.7, 0.1,  6
1351, 75105,02092018,10092018 235906,   2, 27388.4, 22.254, 48.419,0.504304,359.8, 57.844,6.00e-02, 16.2, 0.1,  9
1352, 75106,02092018,10092018 235610,   2, 27391.8, 22.295, 43.072,0.513577,359.8, 62.721,2.62e-01, 13.4, 0.2, 47
1361, 75207,06092018,11092018 001855,   2, 27406.2, 22.712, 59.282,0.513815,359.9, 47.649,6.09e-02, 17.2, 0.1, 11
1362, 75208,06092018,11092018 001333,   3, 27406.4, 22.234, 48.411,0.507178,359.8, 57.887,1.26e+00, 17.7, 1.4,316
1363, 75209,06092018,11092018 000758,   3, 27396.9, 22.249, 48.853,0.497413,359.8, 57.551,9.63e-01, 18.4, 1.1,240
1369, 75305,05092018,11092018 004750,   3, 27436.5, 22.440, 55.537,0.490943,359.9, 51.440,2.63e+00, 18.3, 2.9,669
1370, 75306,03092018,11092018 003007,   3, 27426.7, 22.239, 46.334,0.502511,359.8, 59.772,1.40e+00, 18.6, 1.6,357
1373, 75402,02092018,11092018 010659,   2, 27468.1, 22.255, 45.576,0.498355,359.8, 60.169,5.04e-02, 16.9, 0.1,  9
1377, 75503,02092018,11092018 011756,   3, 27479.1, 22.261, 49.212,0.502970,359.8, 56.726,1.64e-01, 17.4, 0.2, 41
1379, 75505,03092018,11092018 011414,   3, 27476.6, 22.252, 48.619,0.507460,359.8, 57.279,4.96e-01, 18.9, 0.5,124
1380, 75506,02092018,11092018 012714,   2, 27482.4, 22.493, 56.064,0.494689,359.9, 50.460,1.85e-01, 18.0, 0.1, 28
1384, 75603,02092018,11092018 014655,   1, 27508.9, 22.249, 46.996,0.480717,359.8, 58.907,5.00e-03, 16.2, 0.1,  1
1385, 75604,02092018,11092018 014610,   4, 27520.2, 22.263, 44.769,0.522509,359.8, 60.569,1.63e-01, 17.8, 0.2, 53
1388, 75701,02092018,11092018 020456,   2, 27535.2, 22.272, 44.335,0.493378,359.8, 61.061,6.90e-03, 16.6, 0.1,  1
1389, 75702,02092018,11092018 015930,   4, 27524.3, 22.250, 46.174,0.480871,359.8, 59.596,9.49e-02, 17.3, 0.1, 31
1392, 75705,06092018,11092018 022155,   3, 27542.7, 22.575, 57.435,0.487093,359.9, 49.001,1.13e-01, 18.5, 0.1, 29
1396, 75803,03092018,11092018 022327,   3, 27551.2, 22.275, 50.145,0.490427,359.8, 55.664,1.61e-01, 16.1, 0.2, 40
1398, 75805,06092018,11092018 022538,   3, 27547.3, 22.576, 57.474,0.487899,359.9, 48.940,1.88e-01, 18.0, 0.2, 47
1400, 75902,02092018,11092018 025347,   5, 27587.7, 22.255, 48.547,0.490713,359.8, 56.960,1.01e-02, 18.5, 0.1,  4
1401, 75903,02092018,11092018 024159,   3, 27586.0, 22.258, 45.024,0.526760,359.8, 60.079,3.11e-01, 16.2, 0.3, 66
1402, 75904,05092018,11092018 024628,   4, 27578.6, 22.255, 50.222,0.491513,359.8, 55.687,2.36e+00, 18.9, 3.4,758
1403, 75905,05092018,11092018 024905,   4, 27579.1, 22.236, 47.363,0.471452,359.8, 58.497,1.70e+00, 18.7, 2.5,545
1411, 76007,31082018,11092018 031334,   2, 27608.1, 22.252, 46.127,0.472037,359.8, 59.397,2.93e-01, 14.1, 0.2, 40
1412, 76008,02092018,11092018 030850,   2, 27604.7, 22.253, 48.338,0.488042,359.8, 57.106,2.20e-02, 14.6, 0.1,  3
1413, 76009,02092018,11092018 030007,   2, 27595.7, 22.250, 48.141,0.491838,359.8, 57.298,1.67e-01, 15.9, 0.1, 23
1414, 76010,02092018,11092018 030940,   5, 27605.4, 22.248, 49.932,0.489112,359.8, 55.832,2.50e+00, 18.1, 4.3,978
1415, 76011,02092018,11092018 031033,   4, 27614.2, 22.269, 44.452,0.505156,359.8, 60.513,1.26e-01, 18.0, 0.2, 40
1416, 76012,02092018,11092018 030337,   5, 27597.7, 22.235, 49.100,0.482825,359.8, 56.778,3.10e+00, 18.9, 5.3,  0
1426, 76204,02092018,11092018 035058,   5, 27650.5, 22.299, 51.223,0.485953,359.8, 54.262,5.63e-02, 18.4, 0.1, 22
1428, 76206,02092018,11092018 033957,   1, 27637.8, 22.283, 50.593,0.483776,359.8, 54.932,1.38e-01, 16.6, 0.1, 19
1431, 76301,02092018,11092018 041040,   1, 27680.9, 22.250, 46.388,0.500349,359.8, 58.450,4.70e-03, 16.2, 0.1,  1
1432, 76302,02092018,11092018 041259,   1, 27675.3, 22.289, 50.874,0.481782,359.8, 54.536,2.09e-01, 17.3, 0.1, 28
1433, 76303,02092018,11092018 040928,   1, 27675.2, 22.267, 49.682,0.493233,359.8, 55.504,2.41e-01, 15.0, 0.1, 32
1435, 76305,02092018,11092018 040802,   4, 27672.1, 22.249, 46.917,0.478618,359.8, 58.235,1.81e-02, 17.7, 0.1,  6
1436, 76306,02092018,11092018 041219,   4, 27676.6, 22.210, 47.720,0.472440,359.8, 57.970,4.43e+00, 17.5, 6.2,  0
1437, 76307,02092018,11092018 041256,   4, 27679.0, 22.252, 48.269,0.488306,359.8, 56.827,4.15e-02, 18.4, 0.1, 13
1438, 76308,05092018,11092018 040213,   1, 27662.7, 22.268, 50.556,0.478607,359.8, 55.060,1.64e+00, 18.4, 1.0,217
1440, 76401,02092018,11092018 042800,   4, 27694.9, 22.266, 51.092,0.487193,359.8, 54.511,3.52e+00, 17.7, 4.9,  0
1441, 76402,02092018,11092018 043725,   4, 27711.3, 22.253, 45.990,0.496631,359.8, 58.711,3.30e-02, 16.6, 0.1, 11
1445, 76502,02092018,11092018 044221,   1, 27713.7, 22.247, 47.481,0.487805,359.8, 57.429,2.65e-01, 13.8, 0.2, 35
1446, 76601,31082018,11092018 051128,   1, 27748.4, 22.264, 49.491,0.498463,359.8, 55.322,1.67e-01, 12.9, 0.1,  8
1447, 76602,04092018,11092018 050621,   4, 27746.2, 22.240, 42.949,0.456126,359.8, 62.564,8.34e+00, 17.5,11.5,  0
1448, 76603,04092018,11092018 051422,   1, 27742.7, 22.252, 48.408,0.459939,359.8, 56.873,1.59e-01, 18.4, 0.1, 22
1449, 76604,04092018,11092018 051723,   1, 27754.6, 22.249, 47.131,0.488687,359.8, 57.530,2.12e-02, 17.6, 0.1,  4
1452, 76702,03092018,10092018 165753,   6, 27786.0, 22.240, 48.732,0.485964,359.8, 56.023,1.70e+00, 17.0, 3.5,781
1453, 76703,04092018,11092018 052643,   5, 27766.7, 22.221, 46.225,0.481925,359.8, 58.719,3.44e+00, 18.9, 5.3,  0
1454, 76704,04092018,11092018 052832,   5, 27763.7, 22.288, 50.770,0.485562,359.8, 54.161,9.05e-02, 17.9, 0.1, 32
1455, 76705,04092018,10092018 164233,   5, 27763.9, 22.286, 50.723,0.481978,359.8, 54.205,4.62e-02, 17.8, 0.1, 17
1459, 76803,31082018,11092018 060206,   4, 27804.2, 22.248, 47.190,0.480377,359.8, 57.349,9.89e-03, 15.0, 0.1,  1
1460, 76804,03092018,11092018 055747,   6, 27799.9, 22.247, 47.063,0.482308,359.8, 57.471,2.43e-01, 18.2, 0.5,112
1461, 76805,03092018,11092018 060244,   6, 27808.1, 22.345, 52.730,0.510126,359.8, 52.011,8.46e-02, 18.5, 0.2, 39
1462, 76806,03092018,10092018 171702,   6, 27799.7, 22.253, 48.432,0.452114,359.8, 56.712,2.05e-02, 19.0, 0.1, 10
1463, 76807,03092018,11092018 055918,   6, 27802.5, 22.290, 43.530,0.473311,359.8, 60.828,3.23e-02, 17.7, 0.1, 15
1465, 76901,03092018,11092018 061325,   6, 27815.7, 22.267, 49.722,0.483529,359.8, 54.986,7.65e-02, 19.1, 0.2, 36
1466, 76902,03092018,11092018 060838,   6, 27816.1, 22.253, 45.949,0.494070,359.8, 58.305,3.40e-02, 19.2, 0.1, 16
1467, 76903,03092018,11092018 061539,   6, 27819.5, 22.273, 50.649,0.489290,359.8, 54.104,1.32e+00, 17.1, 2.7,604
1468, 76904,03092018,10092018 173217,   6, 27826.0, 22.249, 47.110,0.476379,359.8, 57.332,1.89e-02, 19.0, 0.1,  9
1469, 76905,03092018,11092018 060949,   6, 27811.7, 22.235, 47.547,0.473389,359.8, 57.180,1.57e+00, 19.2, 3.2,719
1470, 76906,03092018,11092018 060737,   6, 27812.5, 22.226, 46.934,0.482292,359.8, 57.729,2.39e+00, 19.0, 4.9,  0
1471, 76907,03092018,11092018 061544,   6, 27821.7, 22.247, 46.622,0.485203,359.8, 57.760,3.00e-01, 18.3, 0.6,138
1475, 77003,31082018,10092018 174223,   5, 27839.5, 22.249, 48.011,0.484166,359.8, 56.356,1.00e-02, 15.9, 0.1,  4
1476, 77004,03092018,10092018 174431,   5, 27840.7, 22.252, 49.718,0.483091,359.8, 54.949,1.68e+00, 18.8, 2.9,648
1477, 77005,03092018,10092018 174217,   5, 27839.0, 22.249, 46.807,0.478566,359.8, 57.524,8.30e-02, 19.0, 0.2, 32
1479, 77101,04092018,11092018 065953,   1, 27876.1, 22.148, 47.250,0.480685,359.8, 57.988,1.08e+01, 18.2, 6.3,  0
1480, 77102,04092018,11092018 070139,   1, 27872.0, 22.249, 47.469,0.477862,359.8, 56.801,6.98e-02, 18.5, 0.1, 10
1481, 77103,04092018,10092018 175832,   1, 27867.3, 22.266, 44.662,0.504492,359.8, 59.208,2.48e-01, 17.1, 0.2, 33
1482, 77200,04092018,10092018 182031,   1, 27883.6, 22.293, 51.046,0.486331,359.8, 53.319,1.16e-01, 17.7, 0.1, 15
1483, 77201,04092018,11092018 071510,   1, 27889.3, 22.249, 47.014,0.483680,359.8, 57.075,2.22e-02, 18.8, 0.1,  3
1484, 77202,04092018,10092018 182755,   1, 27897.0, 22.249, 47.843,0.492851,359.8, 56.174,1.01e-01, 18.9, 0.1, 14
1485, 77203,04092018,10092018 183410,   1, 27903.7, 22.260, 50.221,0.495511,359.8, 54.099,1.71e+00, 17.8, 1.0,225
1488, 77302,04092018,11092018 073934,   2, 27917.8, 22.239, 46.637,0.481533,359.8, 57.393,1.00e+00, 16.1, 0.9,204
1489, 77303,04092018,11092018 074525,   2, 27922.6, 22.243, 48.933,0.482109,359.8, 55.328,1.45e+00, 18.5, 1.3,294
1493, 77403,04092018,10092018 191214,   1, 27949.3, 22.251, 48.224,0.489299,359.8, 55.612,8.19e-02, 19.0, 0.1, 11
1495, 77405,09092018,10092018 191606,   1, 27953.3, 22.248, 47.059,0.482156,359.8, 56.750,2.56e-01, 18.8, 0.2, 33
1496, 77406,09092018,11092018 075938,   1, 27939.4, 22.251, 48.102,0.482958,359.8, 55.848,3.06e-02, 17.6, 0.1,  4
1500, 77503,04092018,11092018 083821,   1, 27977.7, 22.271, 49.875,0.464387,359.8, 54.257,1.80e-03, 16.7, 0.1,  1
1501, 77504,04092018,11092018 083004,   1, 27975.1, 22.249, 46.678,0.480358,359.8, 57.034,1.08e-01, 16.5, 0.1, 14
1502, 77505,04092018,11092018 082005,   1, 27966.7, 22.239, 44.582,0.476369,359.8, 59.290,2.52e+00, 18.4, 1.4,319
1503, 77506,09092018,11092018 081952,   1, 27963.3, 22.249, 47.349,0.482641,359.8, 56.441,4.85e-02, 18.8, 0.1,  7
1504, 77507,09092018,11092018 082307,   1, 27965.8, 22.254, 48.553,0.481878,359.8, 55.329,1.41e-01, 16.6, 0.1, 18
1505, 77600,04092018,11092018 084904,   2, 27996.8, 22.253, 46.103,0.477847,359.8, 57.484,3.73e-02, 16.5, 0.1,  5
1506, 77601,04092018,10092018 200056,   1, 28003.1, 22.257, 48.853,0.472225,359.8, 54.938,1.00e-02, 16.1, 0.1,  1
1507, 77602,09092018,11092018 085154,   1, 28000.8, 22.249, 46.689,0.482851,359.8, 56.883,8.30e-02, 19.3, 0.1, 11
1511, 77702,04092018,11092018 090726,   1, 28018.3, 22.231, 46.709,0.476057,359.8, 57.088,2.53e+00, 18.8, 1.4,312
1512, 77703,08092018,10092018 195855,   1, 28004.9, 22.249, 46.710,0.481244,359.8, 56.832,1.00e-02, 16.0, 0.1, 12
1513, 77704,08092018,10092018 195860,   5, 28005.1, 22.248, 46.706,0.480896,359.8, 56.849,2.05e-01, 16.0, 0.3, 70
1514, 77705,09092018,11092018 090758,   1, 28015.9, 22.289, 50.960,0.483434,359.8, 52.907,5.08e-01, 18.7, 0.3, 63
1515, 77706,09092018,11092018 090116,   1, 28019.8, 22.261, 44.940,0.510628,359.8, 58.371,3.82e-01, 16.5, 0.2, 47
1516, 77707,09092018,11092018 090320,   1, 28013.5, 22.249, 46.775,0.481735,359.8, 56.754,7.15e-02, 18.1, 0.1,  9
1517, 77708,09092018,10092018 195930,   1, 28006.3, 22.248, 46.524,0.482681,359.8, 56.988,2.02e-01, 18.1, 0.1, 25
1518, 77709,09092018,11092018 085253,   1, 28001.7, 22.263, 44.763,0.472881,359.8, 58.811,5.71e-01, 17.9, 0.3, 71
1519, 77800,31082018,11092018 092632,   1, 28045.5, 22.250, 46.667,0.503745,359.8, 56.622,9.00e-03, 15.1, 0.1,  1
1520, 77900,03092018,11092018 095006,   2, 28075.4, 22.245, 45.841,0.510184,359.8, 57.356,7.90e-01, 18.0, 0.7,155
1521, 77901,03092018,11092018 094654,   2, 28062.6, 22.232, 47.375,0.476540,359.8, 56.182,1.72e+00, 18.3, 1.5,337
1524, 78002,31082018,11092018 100035,   1, 28086.4, 22.343, 41.615,0.492703,359.8, 61.145,9.98e-03, 14.9, 0.1,  1
1525, 78003,03092018,10092018 210508,   1, 28081.7, 22.258, 49.026,0.477453,359.8, 54.362,2.04e-02, 16.1, 0.1,  3
1526, 78004,03092018,10092018 210843,   1, 28095.8, 22.236, 45.013,0.488109,359.8, 58.356,4.03e+00, 18.4, 2.2,486
1527, 78005,03092018,10092018 211060,   1, 28094.0, 22.225, 45.740,0.474379,359.8, 57.821,4.23e+00, 18.2, 2.3,509
1528, 78006,03092018,10092018 211647,   2, 28098.2, 22.250, 46.567,0.478515,359.8, 56.558,6.72e-02, 18.8, 0.1, 14
1529, 78007,03092018,10092018 211013,   2, 28089.2, 22.245, 47.994,0.478180,359.8, 55.330,6.09e-01, 19.1, 0.5,118
1530, 78008,03092018,10092018 210843,   2, 28088.8, 22.251, 46.363,0.478730,359.8, 56.779,8.95e-03, 18.3, 0.1,  2
1533, 78102,03092018,11092018 103006,   2, 28110.1, 22.254, 48.788,0.476084,359.8, 54.533,3.67e-01, 16.7, 0.3, 58
1534, 78103,03092018,10092018 211444,   1, 28100.6, 22.263, 44.573,0.485316,359.8, 58.410,1.20e+00, 15.4, 0.7,146
1535, 78104,03092018,10092018 212633,   2, 28105.2, 22.253, 49.825,0.469438,359.8, 53.753,1.61e+00, 19.0, 1.4,312
1536, 78105,03092018,10092018 211656,   1, 28107.2, 22.220, 46.164,0.502029,359.8, 57.108,3.11e+00, 19.0, 1.7,374
1537, 78200,03092018,10092018 213803,   2, 28129.9, 22.322, 42.035,0.480953,359.8, 60.683,1.05e+00, 17.3, 0.7,166
1539, 78301,31082018,10092018 220903,   1, 28161.0, 22.243, 46.261,0.475068,359.8, 56.648,1.04e+00, 13.9, 0.1,  3
1540, 78302,31082018,11092018 113049,   2, 28187.4, 22.209, 46.171,0.482257,359.8, 57.543,5.04e-02, 12.5, 0.1, 11
1541, 78303,31082018,10092018 220554,   1, 28159.6, 22.289, 43.651,0.476190,359.8, 58.993,6.73e-01, 15.0, 0.4, 81
1542, 78304,01092018,10092018 215828,   1, 28148.7, 22.232, 46.251,0.474260,359.8, 56.774,1.40e+00, 14.1, 0.7,166
1543, 78305,03092018,10092018 215958,   2, 28157.5, 22.202, 43.499,0.461641,359.8, 60.219,8.38e+00, 16.0, 7.5,  0
1544, 78306,01092018,10092018 215815,   1, 28148.0, 22.251, 46.343,0.477346,359.8, 56.542,1.00e-02, 12.7, 0.1,  1
1545, 78307,04092018,10092018 220146,   1, 28155.8, 22.246, 47.379,0.494321,359.8, 55.543,4.76e-01, 16.8, 0.3, 57
1546, 78308,31082018,10092018 220437,   2, 28161.5, 22.298, 42.634,0.478022,359.8, 60.100,1.00e-02, 18.9, 0.1,  2
1547, 78309,08092018,11092018 111102,   1, 28160.6, 22.184, 46.100,0.464395,359.8, 57.559,6.95e+00, 17.3, 3.7,828
1548, 78401,31082018,11092018 113559,   1, 28189.4, 22.280, 44.068,0.475034,359.8, 58.510,1.00e-02, 16.4, 0.1,  1
1549, 78402,08092018,10092018 221706,   1, 28170.7, 22.255, 45.719,0.474682,359.8, 57.049,1.19e-01, 16.8, 0.1, 14
1550, 78403,08092018,10092018 221834,   1, 28179.1, 22.240, 47.534,0.506188,359.8, 55.310,7.16e-01, 17.7, 0.4, 84
1551, 78404,08092018,11092018 112211,   1, 28176.5, 22.253, 43.654,0.470056,359.8, 59.383,3.76e+00, 17.8, 2.0,442
1552, 78405,09092018,11092018 113109,   1, 28185.5, 22.261, 49.406,0.500396,359.8, 53.540,3.56e-01, 18.2, 0.2, 43
1553, 78406,09092018,10092018 222123,   1, 28183.7, 22.241, 46.522,0.506680,359.8, 56.250,9.07e-01, 19.0, 0.5,107
1557, 78503,31082018,10092018 224223,   1, 28201.0, 22.253, 45.752,0.473109,359.8, 56.922,4.01e-01, 13.9, 0.1, 16
1558, 78504,07092018,10092018 224059,   1, 28199.9, 22.244, 46.068,0.473066,359.8, 56.776,1.80e+00, 16.8, 0.9,209
1559, 78505,09092018,10092018 224218,   1, 28201.7, 22.246, 46.508,0.479521,359.8, 56.182,5.08e-01, 19.2, 0.3, 60
1560, 78506,09092018,10092018 224139,   1, 28202.1, 22.217, 45.258,0.464925,359.8, 57.890,4.87e+00, 18.3, 2.5,565
1561, 78507,09092018,11092018 114150,   1, 28194.7, 22.254, 45.992,0.476418,359.8, 56.698,3.00e-02, 18.4, 0.1,  4
1562, 78508,09092018,11092018 113911,   1, 28192.0, 22.218, 46.089,0.468085,359.8, 57.136,4.09e+00, 17.7, 2.1,476
1565, 78603,31082018,10092018 225923,   1, 28228.3, 22.248, 46.962,0.506623,359.8, 55.577,1.57e-01, 13.0, 0.1,  6
1566, 78604,31082018,10092018 230929,   3, 28240.6, 22.250, 46.325,0.505250,359.8, 56.113,1.34e+00, 13.8, 1.5,342
1570, 78703,31082018,10092018 232249,   1, 28255.8, 22.249, 47.294,0.505394,359.8, 55.145,1.86e-01, 14.1, 0.1,  8
1577, 78902,31082018,11092018 001019,   1, 28296.3, 22.317, 52.079,0.457475,359.8, 50.777,1.35e-01, 12.6, 0.1,  3
1578, 78903,01092018,11092018 001058,   2, 28306.4, 22.259, 45.508,0.469043,359.8, 56.666,4.31e-02, 16.4, 0.1,  6
1583, 79004,07092018,11092018 003103,   2, 28333.9, 22.320, 42.008,0.461557,359.8, 59.960,1.51e+00, 18.6, 1.3,285
1588, 79105,31082018,11092018 004617,   1, 28354.5, 22.239, 45.811,0.485880,359.8, 56.313,3.42e+00, 16.9, 1.2,274
1589, 79106,02092018,11092018 010346,   1, 28349.5, 22.254, 46.229,0.394311,359.8, 57.690,9.59e-02, 17.1, 0.1,  7
1590, 79107,07092018,11092018 004255,   2, 28345.6, 22.244, 46.135,0.472879,359.8, 55.944,9.28e-01, 16.8, 0.6,136
1591, 79108,07092018,11092018 004124,   2, 28341.9, 22.260, 45.565,0.463826,359.8, 56.552,5.05e-01, 18.7, 0.4, 94
1592, 79109,07092018,11092018 003757,   2, 28338.5, 22.247, 48.661,0.478783,359.8, 53.609,7.16e-01, 18.0, 0.5,105
1594, 79201,31082018,11092018 010547,   1, 28379.5, 22.249, 46.444,0.502965,359.8, 55.428,1.65e-02, 13.1, 0.1,  1
1595, 79202,02092018,11092018 010603,   1, 28371.6, 22.264, 49.511,0.480460,359.8, 52.602,1.94e-02, 16.3, 0.1,  1
1597, 79301,07092018,11092018 012440,   1, 28402.8, 22.251, 46.261,0.504716,359.8, 55.508,9.15e-02, 14.4, 0.1, 10
1600, 79402,01092018,11092018 014631,   1, 28411.3, 22.308, 51.728,0.454706,359.8, 50.580,1.00e-02, 14.6, 0.1,  1
1601, 79403,02092018,11092018 015613,   1, 28427.3, 22.255, 48.693,0.460022,359.8, 53.246,4.03e-02, 14.4, 0.1,  3
1602, 79404,07092018,11092018 014349,   2, 28418.5, 22.310, 42.399,0.451380,359.8, 59.368,1.69e+00, 17.1, 1.1,253
1605, 79502,07092018,11092018 020817,   1, 28432.3, 22.240, 45.744,0.406919,359.8, 57.233,1.98e+00, 16.7, 0.7,148
1606, 79503,07092018,11092018 020048,   2, 28439.8, 22.272, 43.966,0.466991,359.8, 57.581,7.29e-01, 17.9, 0.6,134
1608, 79601,02092018,11092018 022424,   1, 28456.2, 22.308, 51.753,0.452532,359.8, 50.380,1.69e-01, 13.0, 0.1, 12
1616, 80201,07092018,10092018 151413,   3, 28622.4, 22.327, 52.415,0.484210,359.8, 48.820,1.58e-01, 15.4, 0.2, 34
1621, 80402,02092018,11092018 050151,   2, 28658.5, 22.203, 44.909,0.457993,359.8, 56.427,6.96e+00, 17.3, 5.5,  0
1622, 80500,02092018,11092018 051637,   2, 28683.6, 22.287, 43.634,0.510547,359.8, 56.887,1.59e-01, 14.4, 0.1, 21
1623, 80501,03092018,11092018 052847,   2, 28684.7, 22.219, 46.198,0.453036,359.8, 54.811,4.20e+00, 18.0, 3.3,742
1626, 80601,06092018,11092018 053407,   3, 28695.0, 22.298, 43.221,0.466349,359.8, 57.072,3.09e-01, 17.9, 0.4, 78
1627, 80602,03092018,11092018 053120,   2, 28699.4, 22.624, 36.187,0.449489,359.8, 63.905,2.70e+00, 15.3, 1.8,402
1632, 80901,03092018,11092018 064536,   3, 28787.2, 22.281, 43.934,0.501855,359.8, 56.112,6.80e-02, 15.8, 0.1, 14
1638, 81201,02092018,10092018 182333,   1, 28857.1, 22.299, 51.386,0.470353,359.8, 48.748,7.39e-03, 17.4, 0.1,  1
1640, 81301,02092018,11092018 075341,   1, 28860.9, 22.266, 44.246,0.466781,359.8, 55.472,1.04e+00, 13.5, 0.6,134
1641, 81302,02092018,11092018 080405,   3, 28871.7, 22.253, 46.234,0.472956,359.8, 53.489,7.62e-02, 17.7, 0.1, 19
1644, 81502,02092018,11092018 084640,   3, 28914.6, 22.263, 49.435,0.454589,359.8, 50.362,9.13e-03, 16.1, 0.1,  2
1653, 81901,02092018,10092018 202426,   3, 29005.2, 22.339, 52.789,0.464843,359.8, 46.811,3.43e-02, 16.0, 0.1,  7
1654, 82000,09092018,11092018 103618,   1, 29044.0, 22.330, 52.507,0.463476,359.8, 46.950,1.72e-01, 13.9, 0.1, 22
1655, 82100,02092018,10092018 211234,   1, 29066.0, 22.307, 51.789,0.464147,359.8, 47.487,2.18e-01, 13.7, 0.1, 18
1661, 82701,08092018,10092018 231945,   2, 29201.9, 22.315, 52.088,0.385592,359.8, 47.645,1.92e-01, 16.3, 0.1, 31
1682, 85100,02092018,11092018 064215,   5, 29755.9, 22.321, 41.475,0.330685,359.8, 56.391,5.70e+00, 16.3, 8.7,  0
1685, 85500,02092018,11092018 075345,   5, 29843.1, 22.339, 41.124,0.324430,359.8, 56.554,5.86e+00, 17.1, 8.9,  0
1721, 93600,07092018,11092018 022922,   1, 31708.4, 22.303, 52.671,0.373281,359.8, 34.266,1.61e+00, 17.3, 0.6,124
1722, 93700,03092018,11092018 024014,   1, 31730.4, 22.286, 51.004,0.397557,359.8, 35.997,1.03e-02, 18.6, 0.1,  2
